50 2 0 2 0 0 0 0 0
50 4 1 2 0 1 0 0 0
50 3 1 2 0 0 0 0 0
50 4 0 3 1 0 0 0 0
50 3 1 2 0 0 0 0 0
50 4 1 3 0 0 0 0 0
50 2 0 2 0 0 0 0 0
50 2 1 1 0 0 0 0 0
50 4 0 4 0 0 0 0 0
50 2 0 2 0 0 0 0 0
50 2 0 1 0 1 0 0 0
50 3 0 2 1 0 0 0 0
50 3 2 1 0 0 0 0 0
50 5 1 4 0 0 0 0 0
50 4 0 3 1 0 0 0 0
50 4 1 3 0 0 0 0 0
50 2 1 1 0 0 0 0 0
50 3 1 2 0 0 0 0 0
50 2 0 2 0 0 0 0 0
50 4 0 3 0 1 0 0 0
50 2 0 1 1 0 0 0 0
50 3 0 3 0 0 0 0 0
50 2 0 1 1 0 0 0 0
50 2 0 2 0 0 0 0 0
50 3 1 2 0 0 0 0 0
50 3 0 3 0 0 0 0 0
50 5 2 2 0 1 0 0 0
50 5 2 3 0 0 0 0 0
50 4 0 3 0 1 0 0 0
50 3 1 2 0 0 0 0 0
50 3 1 2 0 0 0 0 0
50 1 0 1 0 0 0 0 0
50 2 0 2 0 0 0 0 0
50 4 0 4 0 0 0 0 0
50 4 1 2 0 1 0 0 0
50 3 1 1 0 1 0 0 0
50 4 1 2 0 1 0 0 0
50 4 1 1 1 1 0 0 0
50 2 1 1 0 0 0 0 0
50 3 1 1 0 1 0 0 0
50 3 0 3 0 0 0 0 0
50 3 1 2 0 0 0 0 0
50 5 1 4 0 0 0 0 0
50 3 0 2 0 1 0 0 0
50 4 1 2 0 1 0 0 0
50 4 0 3 1 0 0 0 0
50 4 1 2 0 1 0 0 0
50 3 1 2 0 0 0 0 0
50 4 1 3 0 0 0 0 0
50 3 1 2 0 0 0 0 0
100 7 1 4 0 2 0 0 0
100 9 2 4 0 3 0 0 0
100 5 0 4 0 1 0 0 0
100 8 1 6 0 1 0 0 0
100 6 0 5 0 1 0 0 0
100 9 1 4 0 2 0 2 2
100 7 1 6 0 0 0 0 0
100 8 1 6 0 0 0 1 1
100 10 1 7 0 2 0 0 0
100 7 1 5 0 1 0 0 0
100 4 1 2 0 0 1 0 1
100 5 0 4 0 1 0 0 0
100 7 1 6 0 0 0 0 0
100 5 0 5 0 0 0 0 0
100 7 1 6 0 0 0 0 0
100 6 1 4 1 0 0 0 0
100 6 0 4 0 2 0 0 0
100 10 1 5 0 4 0 0 0
100 8 1 5 0 1 0 1 1
100 8 1 6 0 1 0 0 0
100 7 1 6 0 0 0 0 0
100 6 0 4 0 2 0 0 0
100 8 0 6 0 2 0 0 0
100 8 1 6 0 0 1 0 1
100 5 1 4 0 0 0 0 0
100 8 2 5 0 1 0 0 0
100 7 2 4 0 1 0 0 0
100 5 1 3 0 1 0 0 0
100 7 0 5 0 2 0 0 0
100 6 1 4 0 1 0 0 0
100 6 1 4 0 1 0 0 0
100 6 2 3 0 1 0 0 0
100 9 1 7 1 0 0 0 0
100 5 0 4 0 1 0 0 0
100 10 2 6 0 0 0 2 2
100 7 0 6 0 1 0 0 0
100 5 1 2 0 2 0 0 0
100 7 1 5 1 0 0 0 0
100 9 0 5 0 3 0 1 1
100 5 0 4 0 1 0 0 0
100 6 1 4 0 1 0 0 0
100 8 1 6 0 1 0 0 0
100 8 1 7 0 0 0 0 0
100 7 1 4 0 2 0 0 0
100 10 1 8 0 1 0 0 0
100 7 1 3 0 2 1 0 1
100 7 1 5 0 1 0 0 0
100 5 1 2 0 2 0 0 0
100 7 1 5 0 1 0 0 0
100 8 1 5 1 0 0 1 1
200 11 1 8 0 2 0 0 0
200 10 1 7 0 2 0 0 0
200 13 4 7 0 2 0 0 0
200 13 0 11 0 1 0 1 1
200 13 3 7 0 3 0 0 0
200 12 2 8 0 2 0 0 0
200 11 2 7 0 2 0 0 0
200 13 1 10 1 1 0 0 0
200 12 2 8 0 2 0 0 0
200 16 3 11 0 2 0 0 0
200 11 1 9 0 1 0 0 0
200 13 4 6 0 3 0 0 0
200 12 1 8 0 2 0 1 1
200 12 2 8 0 2 0 0 0
200 15 3 10 0 2 0 0 0
200 15 4 6 2 2 0 1 1
200 15 1 8 1 3 0 2 1
200 13 0 12 0 1 0 0 0
200 13 4 6 1 2 0 0 0
200 15 1 11 1 1 0 1 1
200 13 3 10 0 0 0 0 0
200 11 3 5 0 2 0 1 1
200 14 3 9 0 1 0 1 1
200 14 2 10 0 1 0 1 1
200 13 2 10 0 1 0 0 0
200 15 3 10 0 2 0 0 0
200 14 2 9 0 2 0 1 1
200 14 4 9 0 0 1 0 1
200 12 4 6 1 1 0 0 0
200 15 1 13 0 0 0 1 1
200 13 2 10 0 1 0 0 0
200 8 1 4 1 2 0 0 0
200 15 0 11 0 3 0 1 1
200 14 1 9 0 3 0 1 1
200 15 2 11 0 2 0 0 0
200 13 1 10 0 1 0 1 1
200 13 2 8 0 2 0 1 1
200 16 2 12 0 2 0 0 0
200 10 2 7 0 1 0 0 0
200 12 2 7 0 3 0 0 0
200 14 2 9 0 3 0 0 0
200 16 2 11 0 2 0 1 1
200 12 0 10 0 2 0 0 0
200 11 2 9 0 0 0 0 0
200 11 2 7 0 2 0 0 0
200 18 2 13 0 1 0 2 1
200 9 0 7 0 2 0 0 0
200 11 1 9 0 1 0 0 0
200 12 2 10 0 0 0 0 0
200 16 4 10 0 1 0 1 1
400 28 2 19 2 4 0 1 1
400 25 3 16 0 5 1 0 1
400 24 3 16 0 5 0 0 0
400 26 1 18 1 5 0 1 1
400 28 5 15 0 6 1 1 1
400 29 2 25 0 2 0 0 0
400 25 4 17 0 2 0 2 1
400 28 2 22 0 3 0 1 1
400 28 2 20 0 3 1 2 2
400 31 3 20 0 6 0 2 1
400 30 2 20 0 7 0 1 1
400 27 4 17 0 5 0 1 1
400 29 4 16 0 6 2 1 2
400 27 4 22 0 1 0 0 0
400 28 4 16 1 4 1 2 2
400 26 2 19 1 3 0 1 1
400 23 1 16 0 5 0 1 1
400 31 5 21 0 3 0 2 1
400 26 3 19 0 3 0 1 1
400 31 3 23 0 4 0 1 1
400 27 6 12 0 6 1 2 2
400 24 5 13 0 5 0 1 1
400 35 4 24 0 5 0 2 1
400 29 3 19 0 4 0 3 2
400 33 6 19 0 5 0 3 2
400 29 5 19 0 4 0 1 1
400 28 4 17 0 6 0 1 1
400 28 5 17 0 5 1 0 1
400 28 8 18 0 1 0 1 1
400 29 3 20 1 5 0 0 0
400 25 3 18 0 3 1 0 1
400 32 4 23 0 4 0 1 1
400 26 3 13 0 9 0 1 1
400 26 2 18 1 4 0 1 1
400 30 4 20 0 6 0 0 0
400 28 3 19 0 3 0 3 2
400 27 6 13 0 7 0 1 1
400 30 2 25 0 2 0 1 1
400 30 5 20 0 3 0 2 2
400 25 6 16 0 2 0 1 1
400 29 1 26 0 2 0 0 0
400 27 5 18 0 4 0 0 0
400 34 5 23 0 5 0 1 1
400 28 2 18 0 6 0 2 1
400 27 2 19 1 4 0 1 1
400 28 2 21 0 4 0 1 1
400 30 3 21 0 6 0 0 0
400 33 1 27 0 3 0 2 2
400 27 6 18 0 3 0 0 0
400 24 3 15 0 5 0 1 1
800 59 5 41 0 8 0 5 4
800 61 9 41 0 7 1 3 2
800 58 11 38 1 3 3 2 3
800 56 8 36 1 8 0 3 2
800 55 5 38 1 8 2 1 2
800 59 6 42 0 8 1 2 2
800 52 8 31 0 9 1 3 2
800 54 9 35 0 7 1 2 2
800 60 7 36 0 11 0 6 3
800 62 11 39 1 7 0 4 2
800 53 8 30 0 12 0 3 2
800 57 7 42 0 5 0 3 2
800 58 8 39 0 6 0 5 3
800 56 9 41 0 4 1 1 1
800 60 9 40 0 7 0 4 3
800 54 7 35 0 7 2 3 3
800 62 5 41 1 9 3 3 3
800 61 10 35 0 11 1 4 3
800 67 7 41 0 13 0 6 3
800 52 5 35 1 9 0 2 1
800 56 10 34 0 9 0 3 2
800 66 12 38 0 12 0 4 2
800 51 5 33 0 11 0 2 1
800 56 8 34 1 10 0 3 2
800 58 8 36 0 12 0 2 2
800 67 6 47 0 8 2 4 4
800 50 9 32 0 7 0 2 2
800 58 8 39 0 7 1 3 3
800 58 7 37 0 12 0 2 1
800 51 4 39 0 7 0 1 1
800 61 10 41 0 9 0 1 1
800 59 4 42 0 11 0 2 1
800 48 7 34 0 5 0 2 1
800 54 7 37 0 8 0 2 1
800 60 12 37 0 8 1 2 2
800 58 6 39 0 8 0 5 2
800 58 6 41 0 8 1 2 2
800 49 9 28 1 9 1 1 2
800 59 9 40 1 7 0 2 1
800 63 9 40 0 10 1 3 2
800 67 5 45 0 14 1 2 2
800 56 8 35 0 10 0 3 2
800 58 10 30 0 13 1 4 3
800 56 6 38 1 8 0 3 2
800 61 11 34 0 9 3 4 4
800 56 3 42 1 8 0 2 2
800 58 8 39 0 9 0 2 1
800 57 7 43 0 6 0 1 1
800 56 12 35 0 3 2 4 3
800 57 11 32 1 9 0 4 3
1600 102 14 64 0 18 1 5 3
1600 111 15 72 0 16 2 6 5
1600 126 21 75 0 16 1 13 5
1600 101 12 66 0 20 1 2 2
1600 119 15 77 0 22 0 5 3
1600 120 15 84 1 15 0 5 3
1600 121 14 79 0 18 2 8 7
1600 105 16 66 0 19 1 3 2
1600 116 19 71 0 18 2 6 4
1600 116 14 83 0 12 0 7 3
1600 115 15 75 0 17 1 7 4
1600 122 16 83 0 14 1 8 5
1600 104 20 61 0 16 1 6 4
1600 111 14 79 0 15 1 2 2
1600 116 12 83 0 16 0 5 2
1600 124 17 81 0 17 2 7 3
1600 119 19 75 0 18 0 7 3
1600 120 18 80 0 17 0 5 2
1600 120 15 79 0 18 0 8 3
1600 123 24 78 0 15 0 6 3
1600 109 17 69 0 15 0 8 5
1600 103 9 72 0 18 0 4 2
1600 107 12 74 0 14 0 7 4
1600 127 20 71 0 21 2 13 5
1600 118 16 82 0 15 0 5 2
1600 106 15 69 0 16 0 6 3
1600 109 20 68 0 16 0 5 2
1600 126 17 80 0 21 1 7 3
1600 121 11 82 0 17 1 10 5
1600 106 11 80 1 11 0 3 2
1600 108 10 74 0 18 0 6 3
1600 117 19 73 0 19 0 6 3
1600 107 10 72 0 15 0 10 5
1600 112 16 72 0 15 1 8 5
1600 126 20 77 0 18 3 8 4
1600 123 17 75 2 20 0 9 4
1600 125 18 82 0 20 0 5 2
1600 109 15 71 0 15 0 8 5
1600 108 21 70 0 15 0 2 1
1600 115 13 77 0 16 2 7 3
1600 122 21 81 0 14 0 6 3
1600 117 15 80 0 15 0 7 4
1600 120 17 81 0 15 0 7 4
1600 129 15 84 1 19 0 10 4
1600 122 19 80 0 15 0 8 5
1600 120 16 76 0 18 2 8 7
1600 112 16 70 0 18 1 7 4
1600 120 15 81 0 13 0 11 5
1600 119 12 74 0 23 0 10 4
1600 111 15 75 1 17 0 3 2
3200 240 32 153 0 35 2 18 7
3200 252 32 161 0 37 4 18 7
3200 240 34 157 0 34 1 14 6
3200 225 28 143 0 38 1 15 5
3200 224 29 145 1 36 3 10 4
