50 4 1 3 0 0 0 0 0
50 4 1 3 0 0 0 0 0
50 3 0 3 0 0 0 0 0
50 3 1 2 0 0 0 0 0
50 2 1 1 0 0 0 0 0
50 5 1 3 0 1 0 0 0
50 3 0 3 0 0 0 0 0
50 3 1 2 0 0 0 0 0
50 3 1 1 1 0 0 0 0
50 4 1 3 0 0 0 0 0
50 2 1 1 0 0 0 0 0
50 3 1 1 0 1 0 0 0
50 3 0 3 0 0 0 0 0
50 3 0 2 0 1 0 0 0
50 3 1 2 0 0 0 0 0
50 3 0 3 0 0 0 0 0
50 3 0 3 0 0 0 0 0
50 4 1 3 0 0 0 0 0
50 1 0 1 0 0 0 0 0
50 4 0 3 0 1 0 0 0
50 2 0 2 0 0 0 0 0
50 3 1 1 1 0 0 0 0
50 3 1 1 1 0 0 0 0
50 3 2 1 0 0 0 0 0
50 2 0 1 1 0 0 0 0
50 3 1 2 0 0 0 0 0
50 2 1 1 0 0 0 0 0
50 4 1 3 0 0 0 0 0
50 3 1 2 0 0 0 0 0
50 2 1 0 1 0 0 0 0
50 4 1 2 1 0 0 0 0
50 3 1 2 0 0 0 0 0
50 3 1 1 1 0 0 0 0
50 3 0 2 0 1 0 0 0
50 3 0 1 2 0 0 0 0
50 2 0 2 0 0 0 0 0
50 4 1 2 0 1 0 0 0
50 2 0 2 0 0 0 0 0
50 4 1 2 1 0 0 0 0
50 3 1 2 0 0 0 0 0
50 3 1 2 0 0 0 0 0
50 4 0 3 0 1 0 0 0
50 4 2 2 0 0 0 0 0
50 3 0 2 1 0 0 0 0
50 4 2 2 0 0 0 0 0
50 4 0 4 0 0 0 0 0
50 4 3 1 0 0 0 0 0
50 3 0 3 0 0 0 0 0
50 1 0 1 0 0 0 0 0
50 2 0 2 0 0 0 0 0
100 6 1 4 1 0 0 0 0
100 7 0 7 0 0 0 0 0
100 6 0 6 0 0 0 0 0
100 5 0 5 0 0 0 0 0
100 7 1 4 0 1 1 0 1
100 5 2 2 0 1 0 0 0
100 5 0 5 0 0 0 0 0
100 8 2 4 1 0 0 1 1
100 6 0 4 0 2 0 0 0
100 8 1 6 1 0 0 0 0
100 7 0 7 0 0 0 0 0
100 6 2 3 0 1 0 0 0
100 5 0 4 0 1 0 0 0
100 8 2 4 0 1 0 1 1
100 5 1 2 0 2 0 0 0
100 8 1 6 0 0 0 1 1
100 7 0 6 0 0 0 1 1
100 6 1 3 1 1 0 0 0
100 9 3 4 0 2 0 0 0
100 5 2 2 0 1 0 0 0
100 5 1 4 0 0 0 0 0
100 7 2 3 0 2 0 0 0
100 5 1 3 1 0 0 0 0
100 6 2 3 0 1 0 0 0
100 9 2 4 1 1 1 0 1
100 6 2 3 0 1 0 0 0
100 7 0 5 0 2 0 0 0
100 5 0 4 0 1 0 0 0
100 9 2 6 0 1 0 0 0
100 6 0 4 0 2 0 0 0
100 6 0 5 0 1 0 0 0
100 8 0 6 0 1 0 1 1
100 8 1 4 0 3 0 0 0
100 4 0 4 0 0 0 0 0
100 7 0 5 1 1 0 0 0
100 10 4 6 0 0 0 0 0
100 6 1 4 0 1 0 0 0
100 8 2 3 0 2 0 1 1
100 5 1 4 0 0 0 0 0
100 8 2 5 0 1 0 0 0
100 4 0 3 0 1 0 0 0
100 8 2 4 0 1 0 1 1
100 6 1 4 0 1 0 0 0
100 6 1 4 0 1 0 0 0
100 6 2 4 0 0 0 0 0
100 6 2 2 0 2 0 0 0
100 5 1 4 0 0 0 0 0
100 8 1 5 0 2 0 0 0
100 8 0 8 0 0 0 0 0
100 7 0 6 0 1 0 0 0
200 14 0 12 0 1 0 1 1
200 17 2 11 0 4 0 0 0
200 13 2 9 1 1 0 0 0
200 11 2 6 1 2 0 0 0
200 14 2 10 0 1 0 1 1
200 15 1 10 0 3 0 1 1
200 14 3 7 0 3 0 1 1
200 12 2 8 0 2 0 0 0
200 13 2 9 0 2 0 0 0
200 10 2 3 0 4 0 1 1
200 13 4 7 0 2 0 0 0
200 17 4 10 1 2 0 0 0
200 14 0 11 0 3 0 0 0
200 14 2 11 0 1 0 0 0
200 13 2 8 0 3 0 0 0
200 13 1 9 0 2 1 0 1
200 11 1 7 1 1 0 1 1
200 14 2 10 0 1 0 1 1
200 13 4 8 0 1 0 0 0
200 11 4 5 0 2 0 0 0
200 13 3 8 0 2 0 0 0
200 10 1 8 0 1 0 0 0
200 14 3 9 0 1 0 1 1
200 12 1 10 0 1 0 0 0
200 13 2 8 1 1 0 1 1
200 16 2 9 0 3 1 1 2
200 16 4 8 0 2 0 2 1
200 14 3 7 0 3 1 0 1
200 10 0 7 1 2 0 0 0
200 11 1 9 0 1 0 0 0
200 8 3 5 0 0 0 0 0
200 13 1 10 0 2 0 0 0
200 12 2 9 0 1 0 0 0
200 16 2 9 0 3 2 0 2
200 14 4 9 0 0 0 1 1
200 14 3 8 1 2 0 0 0
200 10 2 5 0 2 0 1 1
200 14 4 8 1 1 0 0 0
200 12 1 9 0 2 0 0 0
200 14 3 10 0 1 0 0 0
200 16 3 10 0 2 0 1 1
200 13 0 11 1 1 0 0 0
200 13 0 11 0 2 0 0 0
200 15 3 10 0 1 0 1 1
200 14 2 11 0 1 0 0 0
200 16 4 7 0 2 0 3 2
200 11 1 7 0 2 0 1 1
200 20 2 15 1 1 0 1 1
200 10 1 6 0 2 0 1 1
200 14 0 11 1 1 0 1 1
400 30 4 19 0 5 0 2 1
400 25 2 21 0 2 0 0 0
400 29 4 24 0 1 0 0 0
400 24 3 17 0 3 0 1 1
400 34 2 26 0 4 0 2 1
400 25 2 19 0 4 0 0 0
400 29 4 20 0 2 1 2 3
400 26 2 19 0 4 0 1 1
400 22 2 17 0 3 0 0 0
400 26 5 19 0 2 0 0 0
400 33 5 22 0 4 0 2 1
400 30 5 16 1 5 0 3 2
400 24 3 16 0 5 0 0 0
400 28 3 21 0 4 0 0 0
400 28 3 19 1 3 0 2 1
400 24 2 17 0 3 0 2 2
400 21 2 15 0 4 0 0 0
400 29 3 19 1 6 0 0 0
400 33 6 24 0 2 0 1 1
400 23 3 17 0 3 0 0 0
400 25 4 17 0 4 0 0 0
400 30 5 15 1 7 0 2 1
400 35 7 22 0 3 1 2 3
400 27 6 16 0 4 1 0 1
400 28 6 18 0 3 0 1 1
400 28 4 18 0 5 0 1 1
400 26 1 20 0 5 0 0 0
400 27 6 14 0 6 0 1 1
400 25 4 16 0 3 1 1 2
400 31 4 16 0 8 0 3 2
400 33 6 22 0 3 0 2 1
400 30 5 20 0 4 0 1 1
400 22 2 17 0 3 0 0 0
400 31 7 16 2 4 0 2 1
400 22 4 13 0 4 0 1 1
400 26 2 17 1 6 0 0 0
400 27 6 18 0 2 0 1 1
400 28 4 17 0 6 0 1 1
400 22 6 13 0 2 1 0 1
400 31 4 18 0 6 0 3 2
400 27 3 20 0 3 0 1 1
400 23 4 12 0 7 0 0 0
400 28 2 21 0 3 0 2 1
400 27 4 16 0 6 0 1 1
400 24 2 19 0 1 0 2 2
400 31 5 16 1 8 0 1 1
400 28 4 19 0 4 0 1 1
400 29 2 24 1 2 0 0 0
400 30 4 22 0 3 0 1 1
400 31 4 22 0 4 0 1 1
800 63 6 43 0 11 0 3 2
800 60 8 39 0 8 0 5 3
800 48 6 36 0 5 0 1 1
800 56 10 36 0 9 0 1 1
800 56 6 38 0 9 0 3 2
800 53 9 35 0 7 0 2 2
800 48 7 33 0 6 0 2 1
800 64 11 40 0 9 0 4 3
800 52 8 37 0 6 0 1 1
800 53 6 38 0 6 0 3 2
800 59 12 36 0 9 0 2 1
800 55 4 40 0 8 0 3 2
800 52 7 34 0 10 0 1 1
800 53 7 36 0 9 0 1 1
800 60 7 39 0 10 0 4 2
800 59 9 40 0 8 0 2 1
800 50 7 36 0 7 0 0 0
800 56 6 42 0 6 0 2 2
800 53 11 31 1 7 0 3 3
800 62 9 47 0 4 0 2 1
800 62 11 41 1 6 3 0 2
800 61 7 45 0 6 0 3 2
800 57 6 41 0 8 0 2 1
800 51 7 39 0 4 0 1 1
800 57 6 39 0 8 1 3 2
800 51 8 36 0 5 1 1 1
800 54 6 36 0 10 0 2 1
800 55 5 43 1 4 0 2 1
800 62 9 38 0 8 1 6 5
800 54 4 41 0 5 0 4 3
800 69 7 48 0 9 2 3 5
800 52 6 35 0 6 0 5 2
800 51 6 37 0 5 1 2 2
800 59 9 34 0 12 1 3 3
800 55 8 37 0 6 1 3 2
800 61 10 39 0 8 0 4 3
800 58 8 40 0 7 0 3 2
800 52 8 32 1 7 1 3 3
800 54 8 36 0 7 0 3 2
800 53 8 36 0 7 0 2 1
800 60 7 43 0 8 1 1 2
800 55 10 37 0 7 0 1 1
800 64 10 40 0 10 1 3 2
800 56 6 40 0 8 1 1 1
800 53 8 33 1 9 0 2 1
800 54 6 38 0 9 0 1 1
800 59 9 39 1 9 0 1 1
800 55 4 41 0 8 0 2 1
800 55 5 42 0 7 0 1 1
800 61 8 45 0 6 1 1 1
1600 120 17 79 1 14 0 9 5
1600 118 23 70 0 18 0 7 4
1600 105 15 66 0 18 1 5 3
1600 110 21 74 0 9 1 5 3
1600 113 15 72 0 16 0 10 4
1600 112 17 73 1 17 0 4 3
1600 116 16 66 0 23 0 11 4
1600 107 13 70 0 17 1 6 3
1600 111 23 61 0 19 1 7 4
1600 116 14 76 0 21 2 3 3
1600 113 15 75 0 19 0 4 2
1600 117 20 71 0 17 0 9 3
1600 112 12 79 0 16 0 5 2
1600 104 15 72 0 13 0 4 2
1600 119 19 69 1 20 2 8 7
1600 118 20 72 0 19 1 6 4
1600 113 15 70 0 19 2 7 3
1600 123 13 78 0 20 1 11 4
1600 124 16 82 1 16 1 8 4
1600 119 15 79 0 19 1 5 3
1600 116 14 77 0 19 0 6 4
1600 114 18 75 0 15 0 6 3
1600 117 13 77 0 20 1 6 3
1600 108 17 72 0 14 0 5 2
1600 113 17 78 0 14 0 4 2
1600 112 16 73 0 19 0 4 3
1600 111 11 72 1 22 2 3 2
1600 114 15 74 0 16 1 8 6
1600 128 18 90 0 10 0 10 5
1600 117 7 85 0 21 0 4 2
1600 118 14 80 2 17 0 5 3
1600 120 22 74 0 19 0 5 3
1600 112 11 76 0 19 0 6 3
1600 112 19 68 0 19 1 5 3
1600 108 14 69 0 18 1 6 3
1600 124 13 85 0 14 0 12 6
1600 115 17 67 0 22 2 7 5
1600 114 13 79 0 17 0 5 3
1600 116 18 80 0 14 0 4 3
1600 119 19 78 0 14 2 6 3
1600 107 14 74 0 12 1 6 3
1600 113 23 63 1 18 2 6 3
1600 113 17 68 0 22 0 6 3
1600 120 16 78 0 19 1 6 4
1600 112 13 83 0 13 0 3 2
1600 119 11 80 0 19 2 7 4
1600 116 12 77 0 19 1 7 3
1600 108 17 74 0 14 1 2 2
1600 105 14 71 0 14 0 6 3
1600 122 9 85 1 20 2 5 3
3200 215 25 148 0 29 2 11 4
3200 235 33 157 0 38 1 6 3
3200 225 28 142 0 37 0 18 7
3200 235 31 161 0 23 3 17 7
3200 236 25 156 0 32 4 19 11
3200 241 35 147 0 40 2 17 5
3200 218 30 149 0 29 0 10 4
3200 240 21 167 0 35 2 15 7
3200 234 41 142 0 40 0 11 4
3200 225 37 143 0 30 0 15 6
3200 240 29 155 0 44 2 10 6
3200 216 25 144 0 38 1 8 3
3200 250 31 150 0 35 4 30 22
3200 239 32 156 0 41 0 10 5
3200 253 32 162 0 38 3 18 7
3200 230 38 142 0 35 2 13 7
3200 232 33 147 0 39 1 12 4
3200 227 32 148 0 32 4 11 6
3200 227 29 148 0 39 0 11 4
3200 237 34 145 0 40 3 15 5
3200 227 27 136 0 43 2 19 6
3200 219 28 146 0 33 1 11 4
3200 224 31 151 0 33 0 9 5
3200 217 26 150 0 33 3 5 3
3200 225 30 149 0 34 0 12 6
3200 221 32 152 0 27 2 8 4
3200 225 27 149 0 36 2 11 6
3200 229 31 140 0 44 1 13 5
3200 243 34 162 0 30 2 15 7
3200 244 33 153 0 37 2 19 10
3200 217 30 138 0 37 1 11 6
3200 229 32 143 0 38 1 15 5
3200 216 28 142 0 35 2 9 5
3200 227 38 147 0 26 3 13 5
3200 223 30 147 0 31 1 14 5
3200 232 35 144 0 34 1 18 7
3200 240 33 157 0 34 1 15 5
3200 231 27 145 0 38 4 17 7
3200 233 32 154 0 33 2 12 8
3200 225 32 138 0 38 3 14 7
3200 229 31 147 0 37 2 12 4
3200 221 27 145 0 35 0 14 4
3200 227 28 143 1 38 5 12 7
3200 242 34 150 0 35 4 19 8
3200 238 35 144 0 44 1 14 8
3200 237 27 153 0 40 2 15 6
3200 236 29 150 0 40 2 15 6
3200 231 33 144 0 36 0 18 6
3200 234 25 158 0 39 2 10 4
3200 229 34 147 0 30 1 17 7
6400 464 66 280 0 67 6 45 13
6400 473 61 305 0 75 4 28 9
6400 460 59 302 1 64 7 27 7
6400 480 68 305 2 67 4 34 13
6400 452 63 300 0 62 2 25 10
6400 470 56 302 0 79 4 29 10
6400 483 65 306 0 72 2 38 10
6400 450 66 270 0 79 3 32 9
6400 457 57 306 0 66 4 24 11
6400 445 65 282 0 66 7 25 9
6400 458 63 292 0 66 2 35 16
6400 462 63 296 0 68 4 31 9
6400 478 63 298 0 73 5 39 14
6400 456 58 287 1 83 5 22 9
6400 488 59 321 0 72 4 32 8
6400 493 64 320 0 70 5 34 8
6400 464 55 298 0 75 4 32 9
6400 498 72 314 0 70 2 40 17
6400 452 60 270 1 83 6 32 10
6400 465 60 295 0 73 4 33 12
6400 458 65 301 0 64 2 26 8
6400 430 64 271 0 72 3 20 7
6400 481 62 282 0 87 2 48 15
6400 470 72 296 0 70 3 29 9
