50 7 6 6 58 7.69 2
50 7 4 3 30 9.09 2
50 3 8 6 46 9.09 1
50 9 4 3 52 7.69 2
50 4 10 8 65 7.14 1
50 3 10 10 70 7.69 1
50 8 6 6 40 7.14 2
50 8 4 1 51 8.33 4
50 8 6 6 46 7.14 2
50 10 4 3 40 7.14 4
50 7 4 3 56 9.09 4
50 7 6 4 56 7.69 2
50 8 6 4 56 7.14 2
50 6 4 2 75 10.00 3
50 5 6 5 40 9.09 2
50 7 6 6 72 7.69 2
50 6 6 5 74 8.33 2
50 4 8 6 56 8.33 2
50 4 8 5 40 8.33 2
50 6 4 4 66 10.00 4
50 5 6 6 44 9.09 1
50 5 8 5 59 7.69 2
50 7 4 4 70 9.09 2
50 3 8 5 32 9.09 2
50 5 8 4 58 7.69 2
50 3 6 3 75 11.11 2
50 8 6 5 58 7.14 2
50 6 4 3 74 10.00 2
50 7 6 6 70 7.69 2
50 5 6 5 66 9.09 2
50 6 6 6 72 8.33 2
50 2 8 4 45 10.00 3
50 8 4 2 63 8.33 3
50 6 6 4 44 8.33 2
50 6 8 7 46 7.14 2
50 6 0 0 72 16.67 6
50 7 6 4 58 7.69 2
50 5 8 8 56 7.69 1
50 6 6 5 46 8.33 2
50 8 6 3 58 7.14 4
50 6 4 3 52 10.00 7
50 4 6 3 51 10.00 4
50 5 6 4 71 9.09 3
50 9 4 3 50 7.69 2
50 8 6 4 39 7.14 2
50 4 6 2 57 10.00 4
50 5 8 8 54 7.69 1
50 6 8 7 52 7.14 2
50 8 6 4 36 7.14 2
50 5 8 5 49 7.69 2
100 6 16 10 78 9.09 2
100 8 14 10 94 9.09 2
100 11 12 8 116 8.70 2
100 12 10 6 132 9.09 2
100 12 14 10 78 7.69 2
100 11 14 10 82 8.00 2
100 11 10 8 141 9.52 2
100 13 16 12 66 6.90 2
100 12 12 11 106 8.33 2
100 10 10 7 84 10.00 3
100 15 10 7 122 8.00 2
100 10 14 11 98 8.33 2
100 12 10 10 122 9.09 2
100 11 10 7 84 9.52 2
100 12 12 9 70 8.33 2
100 18 12 11 102 6.67 2
100 12 16 14 140 7.14 2
100 21 6 4 68 7.41 2
100 13 14 13 84 7.41 2
100 15 12 9 78 7.41 2
100 8 16 15 127 8.33 1
100 12 12 10 84 8.33 2
100 12 16 12 70 7.14 2
100 9 18 11 101 7.41 2
100 12 18 16 122 6.67 1
100 7 18 12 97 8.00 2
100 13 12 9 54 8.00 2
100 8 12 10 122 10.00 2
100 12 16 14 52 7.14 2
100 17 8 5 104 8.00 4
100 10 14 11 88 8.33 2
100 18 8 5 76 7.69 2
100 7 18 11 111 8.00 2
100 14 14 12 76 7.14 2
100 15 8 5 106 8.70 2
100 9 10 6 74 10.53 3
100 14 8 4 111 9.09 2
100 8 8 4 80 12.50 5
100 10 16 10 88 7.69 2
100 10 8 5 68 11.11 4
100 9 16 13 80 8.00 1
100 14 10 6 105 8.33 3
100 8 10 6 118 11.11 3
100 16 10 9 110 7.69 2
100 12 16 12 64 7.14 2
100 14 14 12 135 7.14 2
100 11 10 6 78 9.52 2
100 9 10 7 81 10.53 2
100 11 10 7 122 9.52 2
100 6 16 12 145 9.09 1
200 21 28 19 204 8.16 2
200 22 26 20 116 8.33 2
200 24 28 19 106 7.69 2
200 21 32 25 141 7.55 2
200 15 28 18 207 9.30 3
200 23 32 26 98 7.27 2
200 18 30 21 118 8.33 2
200 24 26 21 120 8.00 2
200 19 36 30 76 7.27 1
200 20 26 21 148 8.70 2
200 23 32 28 96 7.27 1
200 20 28 16 179 8.33 2
200 26 28 23 96 7.41 2
200 14 28 16 162 9.52 3
200 20 28 19 172 8.33 2
200 25 26 20 168 7.84 2
200 24 24 17 152 8.33 2
200 18 28 16 100 8.70 2
200 21 32 24 139 7.55 2
200 18 26 17 189 9.09 2
200 20 30 23 210 8.00 2
200 19 34 26 193 7.55 2
200 24 30 22 208 7.41 2
200 28 26 21 204 7.41 2
200 20 26 20 189 8.70 2
200 16 28 20 220 9.09 2
200 24 24 21 256 8.33 2
200 27 16 12 148 9.30 2
200 24 26 19 223 8.00 2
200 21 30 25 141 7.84 2
200 24 24 17 202 8.33 2
200 30 28 25 184 6.90 2
200 29 22 17 188 7.84 2
200 29 30 22 153 6.78 2
200 18 32 25 138 8.00 2
200 28 32 25 216 6.67 2
200 24 22 19 242 8.70 2
200 25 26 23 198 7.84 2
200 21 24 17 133 8.89 2
200 19 28 22 150 8.51 2
200 20 30 23 154 8.00 2
200 23 22 17 184 8.89 2
200 21 26 16 138 8.51 3
200 19 36 32 186 7.27 1
200 26 22 16 116 8.33 2
200 27 26 23 142 7.55 2
200 22 26 18 177 8.33 2
200 28 26 23 160 7.41 2
200 23 28 24 200 7.84 2
200 26 26 23 160 7.69 2
400 45 48 37 256 8.60 2
400 43 56 40 305 8.08 2
400 46 60 51 300 7.55 2
400 45 58 46 370 7.77 2
400 33 52 38 378 9.41 2
400 51 54 44 192 7.62 2
400 54 46 32 252 8.00 2
400 38 62 46 166 8.00 2
400 47 48 31 199 8.42 2
400 42 54 45 331 8.33 2
400 52 56 44 294 7.41 2
400 42 52 40 372 8.51 2
400 52 48 37 236 8.00 2
400 45 54 45 351 8.08 2
400 49 52 36 254 7.92 2
400 47 46 35 174 8.60 2
400 47 62 49 167 7.34 2
400 51 48 39 350 8.08 2
400 47 44 32 294 8.79 2
400 56 50 37 326 7.55 2
400 44 50 38 333 8.51 2
400 44 54 41 189 8.16 2
400 43 56 39 244 8.08 2
400 30 54 41 427 9.52 2
400 46 50 40 352 8.33 2
400 53 42 32 223 8.42 2
400 52 48 33 190 8.00 2
400 43 58 55 288 7.92 1
400 42 62 53 254 7.69 1
400 40 52 37 382 8.70 2
400 52 48 37 276 8.00 2
400 47 48 35 359 8.42 2
400 41 54 44 236 8.42 2
400 52 52 41 317 7.69 2
400 37 48 38 284 9.41 2
400 46 56 46 270 7.84 2
400 46 50 41 204 8.33 2
400 43 62 49 280 7.62 2
400 55 46 35 168 7.92 2
400 42 54 40 170 8.33 2
400 48 64 45 341 7.14 2
400 43 54 42 300 8.25 2
400 53 54 43 200 7.48 2
400 44 54 42 300 8.16 2
400 37 54 38 307 8.79 2
400 43 52 41 178 8.42 2
400 36 60 43 282 8.33 2
400 40 56 44 293 8.33 2
400 41 48 29 258 8.99 2
400 47 54 37 176 7.92 2
800 78 126 100 598 7.84 2
800 96 110 82 415 7.77 2
800 77 106 85 254 8.74 2
800 105 100 79 400 7.80 2
800 86 122 97 559 7.69 2
800 91 98 74 612 8.47 2
800 82 116 90 400 8.08 2
800 93 88 66 248 8.84 2
800 97 108 88 532 7.80 2
800 98 112 93 632 7.62 2
800 82 106 79 584 8.51 2
800 104 106 79 505 7.62 2
800 87 116 95 655 7.88 2
800 94 100 75 540 8.25 2
800 83 108 85 587 8.38 2
800 100 106 83 302 7.77 2
800 99 74 50 508 9.25 2
800 100 110 89 430 7.62 2
800 95 98 71 617 8.29 2
800 89 98 70 430 8.56 2
800 96 94 65 393 8.42 2
800 101 104 87 356 7.80 2
800 100 112 95 307 7.55 2
800 110 98 81 523 7.69 2
800 88 106 86 554 8.25 2
800 84 122 95 346 7.77 2
800 86 110 87 392 8.16 2
800 89 112 88 464 7.96 2
800 97 128 101 653 7.11 2
800 104 100 79 258 7.84 2
800 99 96 77 353 8.21 2
800 102 106 83 222 7.69 2
800 87 118 91 465 7.80 2
800 80 122 100 210 7.92 2
800 94 96 75 396 8.42 2
800 74 116 89 336 8.42 2
800 91 112 86 412 7.88 2
800 83 120 93 600 7.88 2
800 86 112 81 419 8.08 2
800 107 98 81 333 7.80 2
800 86 106 85 409 8.33 2
800 86 118 99 488 7.84 2
800 90 120 97 381 7.62 2
800 101 88 69 400 8.47 2
800 94 108 85 592 7.92 2
800 95 104 82 278 8.04 2
800 92 98 76 428 8.42 2
800 94 106 86 378 8.00 2
800 82 110 86 316 8.33 2
800 107 94 80 308 7.96 2
1600 189 222 171 730 7.79 2
1600 200 212 175 901 7.77 2
1600 165 218 168 688 8.36 2
1600 188 224 172 672 7.77 2
1600 185 210 165 880 8.10 2
1600 182 210 162 625 8.16 2
1600 179 210 160 982 8.23 2
1600 184 196 152 532 8.42 2
1600 182 216 171 870 8.04 2
1600 206 212 169 1047 7.66 2
1600 197 218 176 694 7.71 2
1600 173 218 174 883 8.18 2
1600 188 208 171 503 8.08 2
1600 194 216 172 855 7.80 2
1600 177 202 160 738 8.44 2
1600 192 222 172 766 7.73 2
1600 187 214 172 596 7.98 2
1600 182 218 163 732 8.00 2
1600 196 224 176 706 7.62 2
1600 176 204 159 826 8.42 2
1600 186 212 165 735 8.04 2
1600 190 216 169 466 7.88 2
1600 198 196 156 1058 8.12 2
1600 197 202 163 618 8.02 2
1600 184 226 170 690 7.80 2
1600 201 218 175 708 7.64 2
1600 195 222 179 488 7.67 2
1600 181 200 155 595 8.40 2
1600 163 210 161 550 8.58 2
1600 174 212 169 598 8.29 2
1600 197 204 162 595 7.98 2
1600 203 208 173 860 7.79 2
1600 184 224 182 714 7.84 2
1600 181 228 167 774 7.82 2
1600 190 234 186 552 7.55 2
1600 178 200 148 404 8.47 2
1600 190 216 175 864 7.88 2
1600 181 228 177 660 7.82 2
1600 167 236 188 414 7.94 2
1600 187 208 165 414 8.10 2
1600 181 212 167 721 8.14 2
1600 171 220 172 662 8.18 2
1600 185 222 175 926 7.86 2
1600 186 208 161 558 8.12 2
1600 202 220 171 738 7.58 2
1600 182 206 151 894 8.25 2
1600 189 214 174 820 7.94 2
1600 172 220 164 1009 8.16 2
1600 162 226 165 850 8.25 2
1600 196 230 190 641 7.51 2
3200 366 446 352 821 7.88 2
3200 371 448 337 1512 7.81 2
3200 364 424 324 1070 8.12 2
3200 364 440 336 710 7.96 2
3200 351 436 341 918 8.13 2
3200 343 420 322 1029 8.39 2
3200 337 432 331 1890 8.32 2
3200 357 426 314 1503 8.17 2
3200 385 444 360 1778 7.72 2
3200 350 422 320 916 8.29 2
3200 368 420 317 1656 8.12 2
3200 344 430 327 1070 8.27 2
3200 347 420 330 692 8.34 2
3200 359 418 307 1081 8.24 2
3200 365 404 304 941 8.32 2
3200 380 428 342 888 7.92 2
3200 367 426 342 1188 8.07 2
3200 373 450 358 1675 7.78 2
3200 377 430 334 734 7.93 2
3200 373 438 342 842 7.89 2
3200 367 426 335 1323 8.07 2
3200 370 424 326 1510 8.06 2
3200 370 404 316 1438 8.27 2
3200 368 404 326 1043 8.29 2
3200 363 410 316 1390 8.28 2
3200 339 448 363 2216 8.13 2
3200 357 418 332 1451 8.26 2
3200 385 428 344 1576 7.87 2
3200 377 418 328 959 8.05 2
3200 373 438 345 1158 7.89 2
3200 371 426 327 1210 8.03 2
3200 365 426 329 1116 8.09 2
3200 372 406 318 941 8.23 2
3200 360 422 326 1002 8.18 2
3200 350 440 336 1503 8.10 2
3200 366 458 346 1698 7.77 2
3200 380 384 302 1601 8.38 2
3200 360 414 306 1411 8.27 2
3200 370 418 320 1138 8.12 2
3200 344 428 324 1247 8.29 2
3200 357 444 353 774 7.99 2
3200 359 422 330 940 8.19 2
3200 385 426 345 906 7.89 2
3200 328 440 334 1245 8.33 2
3200 380 398 299 974 8.23 2
3200 353 448 345 1942 7.99 2
3200 334 440 342 1176 8.27 2
3200 359 446 357 1428 7.95 2
3200 367 442 362 1231 7.91 2
3200 388 416 327 798 7.96 2
6400 713 914 708 1810 7.87 2
6400 712 874 698 2206 8.07 2
6400 718 858 684 1884 8.12 2
6400 715 832 643 1915 8.27 2
6400 752 878 677 1074 7.85 2
6400 740 828 652 2469 8.16 2
6400 716 862 675 1334 8.11 2
6400 704 876 691 1427 8.10 2
6400 733 866 689 1720 8.01 2
6400 741 866 677 2527 7.97 2
6400 770 854 670 2400 7.88 2
6400 751 850 660 1304 8.00 2
6400 735 858 681 2082 8.04 2
6400 751 826 648 2350 8.12 2
6400 703 836 633 1972 8.32 2
6400 693 904 690 2181 8.02 2
6400 718 876 680 2138 8.03 2
6400 745 874 678 1498 7.91 2
6400 737 828 637 1158 8.18 2
6400 729 870 680 1625 8.01 2
6400 719 854 651 1830 8.14 2
6400 719 890 703 2010 7.96 2
6400 732 876 695 1412 7.96 2
6400 743 866 695 2272 7.96 2
6400 754 844 658 2674 8.01 2
6400 711 872 667 2165 8.09 2
6400 768 868 704 2050 7.82 2
6400 738 858 687 2420 8.02 2
6400 737 860 675 2158 8.02 2
6400 714 850 666 1968 8.18 2
6400 687 882 684 1926 8.16 2
6400 713 842 648 2086 8.23 2
6400 720 844 645 2008 8.18 2
6400 753 854 683 3033 7.97 2
6400 741 880 690 2393 7.90 2
6400 694 868 655 1298 8.19 2
6400 709 882 693 2754 8.05 2
6400 703 880 684 2362 8.09 2
6400 716 900 681 1890 7.92 2
6400 731 894 702 1252 7.88 2
6400 715 898 716 1578 7.94 2
6400 717 888 687 2130 7.98 2
6400 716 894 711 2410 7.95 2
6400 692 904 716 1768 8.02 2
6400 744 860 688 1146 7.98 2
6400 727 892 707 2238 7.91 2
6400 738 896 695 1470 7.83 2
6400 715 882 673 2246 8.02 2
6400 738 842 668 1360 8.10 2
6400 724 852 661 1576 8.12 2
12800 1395 1728 1364 3623 8.20 2
12800 1453 1756 1374 4028 7.98 2
12800 1451 1782 1393 3768 7.92 2
12800 1490 1672 1298 4220 8.10 2
12800 1439 1724 1362 1736 8.09 2
12800 1444 1712 1342 2451 8.11 2
12800 1482 1712 1338 3832 8.02 2
12800 1492 1738 1359 4402 7.93 2
12800 1426 1744 1403 3772 8.08 2
12800 1442 1712 1341 3936 8.12 2
12800 1431 1854 1471 2770 7.79 2
12800 1427 1772 1397 2386 8.00 2
12800 1514 1752 1382 3209 7.84 2
12800 1462 1728 1348 2974 8.03 2
12800 1455 1642 1254 4366 8.27 2
12800 1443 1696 1337 2826 8.16 2
12800 1490 1698 1346 3473 8.03 2
12800 1484 1716 1344 3739 8.00 2
12800 1423 1750 1349 3498 8.07 2
12800 1431 1752 1366 3090 8.04 2
12800 1471 1726 1384 2832 8.01 2
12800 1433 1792 1398 2402 7.94 2
12800 1455 1728 1340 2048 8.04 2
12800 1474 1758 1368 2555 7.92 2
12800 1493 1716 1338 2188 7.98 2
12800 1416 1704 1318 4246 8.21 2
12800 1473 1696 1341 1992 8.08 2
12800 1422 1718 1337 3976 8.15 2
12800 1460 1730 1347 4047 8.03 2
12800 1475 1752 1378 3531 7.93 2
12800 1461 1752 1368 2359 7.97 2
12800 1459 1718 1357 3449 8.06 2
12800 1438 1710 1322 2052 8.13 2
12800 1475 1698 1338 3125 8.07 2
12800 1510 1734 1360 2702 7.89 2
12800 1498 1698 1318 2768 8.01 2
12800 1467 1706 1343 2031 8.07 2
12800 1480 1662 1304 2573 8.15 2
12800 1431 1750 1378 2906 8.05 2
12800 1466 1756 1403 3009 7.95 2
12800 1389 1762 1380 4722 8.12 2
12800 1418 1744 1340 2917 8.10 2
12800 1489 1720 1344 2802 7.98 2
12800 1432 1800 1399 4206 7.92 2
12800 1469 1748 1371 2988 7.96 2
12800 1464 1692 1315 2183 8.11 2
12800 1401 1758 1369 2284 8.10 2
12800 1470 1752 1390 3020 7.95 2
12800 1423 1720 1332 1892 8.15 2
12800 1457 1752 1350 1836 7.98 2
25600 2920 3432 2647 4654 8.06 2
25600 2957 3428 2726 5159 8.02 2
25600 3021 3444 2687 6548 7.92 2
25600 2872 3448 2663 3068 8.10 2
25600 2929 3460 2717 5500 8.01 2
25600 2939 3468 2734 3456 7.99 2
25600 2868 3528 2775 2474 8.01 2
25600 2898 3466 2717 3759 8.05 2
25600 2835 3436 2654 3562 8.16 2
25600 2859 3456 2668 2888 8.11 2
25600 2983 3440 2693 5368 7.97 2
25600 2849 3480 2718 5686 8.09 2
25600 2898 3470 2725 4924 8.04 2
25600 2937 3504 2751 5630 7.95 2
25600 2874 3472 2685 5044 8.07 2
25600 2912 3462 2675 3750 8.03 2
25600 2908 3448 2691 6371 8.06 2
25600 3051 3432 2737 5260 7.90 2
25600 2808 3486 2705 3002 8.13 2
25600 2883 3436 2703 4276 8.10 2
25600 2916 3440 2654 4032 8.06 2
25600 2947 3478 2761 5957 7.97 2
25600 2923 3432 2680 3250 8.06 2
25600 2860 3496 2729 3250 8.06 2
25600 2958 3486 2689 3408 7.95 2
25600 2878 3456 2696 6175 8.08 2
25600 2917 3426 2687 5783 8.07 2
25600 2937 3422 2713 3833 8.05 2
25600 2843 3440 2667 3576 8.15 2
25600 2931 3490 2717 5792 7.97 2
25600 2952 3474 2704 4902 7.97 2
25600 2890 3474 2722 7598 8.05 2
25600 2905 3458 2723 6265 8.05 2
25600 2906 3520 2751 5718 7.97 2
25600 2942 3508 2755 5290 7.94 2
25600 2927 3416 2664 5145 8.07 2
25600 2888 3506 2756 2376 8.01 2
25600 2885 3494 2753 5525 8.03 2
25600 2955 3406 2661 5143 8.05 2
25600 2908 3486 2740 4437 8.01 2
25600 2896 3404 2649 9269 8.13 2
25600 2921 3462 2706 4362 8.02 2
25600 2956 3454 2730 2981 7.99 2
25600 2933 3446 2689 5202 8.03 2
25600 3004 3372 2651 2274 8.03 2
25600 2987 3456 2753 8980 7.95 2
25600 2938 3444 2707 5235 8.02 2
25600 2911 3516 2781 5111 7.97 2
25600 2910 3520 2753 4390 7.96 2
25600 2969 3442 2716 5356 7.99 2
51200 5814 6926 5412 8530 8.04 2
51200 5869 6930 5406 10552 8.00 2
51200 5871 6934 5412 8622 8.00 2
51200 5812 6922 5445 7881 8.04 2
51200 5807 7010 5493 9161 7.99 2
51200 5872 6836 5330 6678 8.06 2
51200 5824 6946 5492 5960 8.02 2
51200 5830 6916 5423 11104 8.03 2
51200 5740 7014 5474 9512 8.03 2
51200 5836 6890 5390 6336 8.05 2
51200 5821 6984 5416 7303 8.00 2
51200 5791 6966 5426 9217 8.03 2
51200 5776 6872 5367 8005 8.10 2
51200 5851 6914 5407 8534 8.02 2
51200 5876 6822 5367 8014 8.06 2
51200 5850 6956 5437 6358 8.00 2
51200 5828 6874 5399 6432 8.06 2
51200 5858 6836 5305 6915 8.07 2
51200 5782 6908 5410 9464 8.07 2
51200 5716 7084 5562 7692 8.00 2
51200 5788 6962 5401 8478 8.03 2
51200 5914 6910 5398 9199 7.99 2
51200 5740 6992 5432 9397 8.04 2
51200 5868 6874 5358 11642 8.04 2
51200 5764 6956 5438 6792 8.05 2
51200 5755 7012 5506 11604 8.02 2
51200 5740 7026 5512 7320 8.02 2
51200 5852 6954 5471 10214 8.00 2
51200 5917 6900 5407 8008 7.99 2
51200 5827 6880 5371 6174 8.06 2
51200 5779 6862 5347 11126 8.10 2
51200 5776 7062 5527 7700 7.98 2
51200 5821 6836 5296 7290 8.09 2
51200 5734 6954 5467 12210 8.07 2
51200 5794 6988 5443 11258 8.01 2
51200 5915 6910 5432 7628 7.98 2
51200 5898 7034 5514 5158 7.92 2
51200 5843 6982 5448 8888 7.98 2
51200 5881 6872 5365 9146 8.03 2
51200 5857 6928 5437 8276 8.01 2
51200 5848 6870 5331 4102 8.05 2
51200 5943 6810 5319 8860 8.03 2
51200 5697 6976 5389 4018 8.08 2
51200 5845 6912 5387 8296 8.03 2
51200 5953 6840 5372 8098 8.00 2
51200 5820 6964 5502 9020 8.01 2
51200 5761 6938 5375 4502 8.06 2
51200 5860 6908 5412 11304 8.02 2
51200 5803 7024 5531 8134 7.98 2
51200 5768 7056 5535 10836 7.99 2
102400 11486 13846 10857 17732 8.08 2
102400 11675 13976 10929 10380 7.98 2
102400 11825 13720 10807 16693 8.02 2
102400 11541 13870 10789 17366 8.06 2
102400 11568 13830 10774 17430 8.06 2
102400 11522 14014 10919 14119 8.02 2
102400 11490 14040 10949 10016 8.02 2
102400 11632 13744 10759 9956 8.07 2
102400 11559 13842 10789 11356 8.06 2
102400 11594 13836 10805 14425 8.05 2
102400 11572 13894 10834 15062 8.04 2
102400 11627 13768 10733 13776 8.06 2
102400 11708 13800 10833 23421 8.03 2
102400 11780 13808 10785 14580 8.00 2
102400 11676 13906 10924 10750 8.01 2
102400 11544 13944 10848 18079 8.04 2
102400 11650 13956 11013 8575 8.00 2
102400 11601 13816 10814 8475 8.06 2
102400 11666 13782 10696 16046 8.05 2
102400 11600 13908 10862 14000 8.03 2
102400 11598 13884 10849 19536 8.04 2
102400 11527 13958 10920 12486 8.04 2
102400 11604 13978 10930 10609 8.01 2
102400 11581 13822 10845 8657 8.06 2
102400 11648 13960 10969 15010 8.00 2
102400 11657 13876 10867 10316 8.02 2
102400 11699 13684 10695 14134 8.07 2
102400 11534 13802 10797 15387 8.08 2
102400 11652 13890 10851 8403 8.02 2
102400 11806 13732 10747 11860 8.02 2
102400 11825 13770 10829 15751 8.00 2
102400 11642 14014 10943 17788 7.98 2
102400 11529 14052 10999 13016 8.01 2
102400 11711 13798 10777 9998 8.03 2
102400 11665 13742 10748 14272 8.06 2
102400 11658 13810 10721 11588 8.04 2
102400 11620 14000 10928 8194 7.99 2
102400 11725 13858 10767 15852 8.01 2
102400 11746 13798 10801 17385 8.02 2
102400 11576 13718 10738 13917 8.10 2
102400 11622 13838 10811 11564 8.04 2
102400 11656 13948 10923 14136 8.00 2
102400 11762 13680 10651 16076 8.05 2
102400 11721 13826 10786 16852 8.02 2
102400 11539 13828 10823 7205 8.07 2
102400 11662 14034 11057 16231 7.97 2
102400 11510 13906 10795 12023 8.06 2
102400 11597 13880 10905 11584 8.04 2
102400 11615 13680 10707 6854 8.10 2
102400 11700 13866 10864 17710 8.01 2
204800 23327 27558 21643 21710 8.05 2
204800 23344 27744 21710 15836 8.02 2
204800 23321 27634 21563 17863 8.04 2
204800 23315 27646 21657 30892 8.04 2
204800 23294 27778 21711 22416 8.02 2
204800 23448 27476 21502 17062 8.04 2
204800 23221 27536 21432 14980 8.07 2
204800 23194 27772 21754 28397 8.04 2
