50 4 0 4 0 0 0 0 0 0 0 3 0 0 0 0
50 3 1 2 0 0 0 0 0 0 1 1 0 0 0 0
50 3 0 3 0 0 0 0 0 0 0 3 0 0 0 0
50 3 0 2 0 1 0 0 0 0 0 2 0 1 0 0
50 2 0 2 0 0 0 0 0 0 0 2 0 0 0 0
50 5 0 5 0 0 0 0 0 0 0 4 0 0 0 0
50 3 1 2 0 0 0 0 0 0 1 1 0 0 0 0
50 4 1 3 0 0 0 0 0 0 1 3 0 0 0 0
50 3 0 3 0 0 0 0 0 0 0 1 0 0 0 0
50 3 1 2 0 0 0 0 0 0 1 1 0 0 0 0
50 3 1 1 1 0 0 0 0 0 1 1 1 0 0 0
50 3 0 2 1 0 0 0 0 0 0 2 1 0 0 0
50 2 0 2 0 0 0 0 0 0 0 2 0 0 0 0
50 4 2 1 1 0 0 0 0 0 1 1 1 0 0 0
50 4 2 2 0 0 0 0 0 0 1 2 0 0 0 0
50 4 1 2 1 0 0 0 0 0 1 1 1 0 0 0
50 4 0 3 0 1 0 0 0 0 0 2 0 1 0 0
50 2 1 1 0 0 0 0 0 0 1 1 0 0 0 0
50 4 1 3 0 0 0 0 0 0 1 3 0 0 0 0
50 4 0 3 1 0 0 0 0 0 0 3 1 0 0 0
50 3 1 2 0 0 0 0 0 0 1 2 0 0 0 0
50 4 1 2 0 1 0 0 0 0 1 1 0 1 0 0
50 3 0 3 0 0 0 0 0 0 0 2 0 0 0 0
50 3 0 3 0 0 0 0 0 0 0 3 0 0 0 0
50 3 0 2 0 1 0 0 0 0 0 1 0 1 0 0
50 5 1 3 0 1 0 0 0 0 1 2 0 1 0 0
50 3 0 3 0 0 0 0 0 0 0 3 0 0 0 0
50 2 0 1 0 1 0 0 0 0 0 1 0 1 0 0
50 5 1 3 0 1 0 0 0 0 1 2 0 1 0 0
50 3 1 2 0 0 0 0 0 0 1 2 0 0 0 0
50 4 2 2 0 0 0 0 0 0 1 2 0 0 0 0
50 4 0 4 0 0 0 0 0 0 0 3 0 0 0 0
50 4 1 3 0 0 0 0 0 0 1 3 0 0 0 0
50 2 0 2 0 0 0 0 0 0 0 1 0 0 0 0
50 3 1 1 1 0 0 0 0 0 1 1 1 0 0 0
50 3 1 0 1 1 0 0 0 0 1 0 1 1 0 0
50 3 0 3 0 0 0 0 0 0 0 3 0 0 0 0
50 2 0 2 0 0 0 0 0 0 0 2 0 0 0 0
50 1 0 1 0 0 0 0 0 0 0 1 0 0 0 0
50 3 1 2 0 0 0 0 0 0 1 2 0 0 0 0
50 4 1 2 0 0 0 1 1 1 1 2 0 0 0 1
50 4 0 4 0 0 0 0 0 0 0 3 0 0 0 0
50 4 0 4 0 0 0 0 0 0 0 3 0 0 0 0
50 2 1 1 0 0 0 0 0 0 1 1 0 0 0 0
50 4 1 3 0 0 0 0 0 0 1 3 0 0 0 0
50 4 1 2 1 0 0 0 0 0 1 1 1 0 0 0
50 4 0 3 0 1 0 0 0 0 0 3 0 1 0 0
50 2 1 0 1 0 0 0 0 0 1 0 1 0 0 0
50 3 1 2 0 0 0 0 0 0 1 2 0 0 0 0
50 4 1 2 0 1 0 0 0 0 1 1 0 1 0 0
150 9 2 5 0 2 0 0 0 0 1 3 0 1 0 0
150 14 2 8 0 4 0 0 0 0 1 5 0 1 0 0
150 11 2 6 0 3 0 0 0 0 1 3 0 2 0 0
150 17 4 11 0 1 0 1 1 1 1 5 0 1 0 1
150 12 2 9 0 1 0 0 0 0 1 4 0 1 0 0
150 9 1 5 2 1 0 0 0 0 1 2 1 1 0 0
150 10 0 9 0 0 0 1 1 1 0 4 0 0 0 1
150 8 1 6 1 0 0 0 0 0 1 2 1 0 0 0
150 15 4 10 0 0 0 1 1 1 1 5 0 0 0 1
150 10 3 6 0 1 0 0 0 0 1 5 0 1 0 0
150 13 3 8 1 1 0 0 0 0 1 5 1 1 0 0
150 9 0 6 0 3 0 0 0 0 0 4 0 2 0 0
150 9 1 6 0 2 0 0 0 0 1 3 0 2 0 0
150 14 1 8 1 2 0 2 1 1 1 4 1 1 0 1
150 12 0 11 0 1 0 0 0 0 0 9 0 1 0 0
150 11 2 7 0 1 1 0 1 1 2 3 0 1 1 0
150 7 0 6 0 1 0 0 0 0 0 2 0 1 0 0
150 10 3 6 0 1 0 0 0 0 1 5 0 1 0 0
150 10 3 5 0 2 0 0 0 0 1 2 0 1 0 0
150 7 2 4 0 1 0 0 0 0 1 2 0 1 0 0
150 10 1 6 1 1 0 1 1 1 1 3 1 1 0 1
150 9 2 7 0 0 0 0 0 0 1 4 0 0 0 0
150 14 1 11 0 1 0 1 1 1 1 6 0 1 0 1
150 9 2 6 0 1 0 0 0 0 1 6 0 1 0 0
150 8 0 7 0 1 0 0 0 0 0 6 0 1 0 0
150 10 0 9 0 1 0 0 0 0 0 6 0 1 0 0
150 7 2 4 1 0 0 0 0 0 1 2 1 0 0 0
150 12 0 10 0 2 0 0 0 0 0 8 0 1 0 0
150 11 3 6 0 0 1 1 1 1 1 3 0 0 1 1
150 10 3 5 0 2 0 0 0 0 1 4 0 1 0 0
150 12 1 10 0 0 0 1 1 1 1 5 0 0 0 1
150 12 1 8 0 2 0 1 1 1 1 3 0 2 0 1
150 9 1 7 0 1 0 0 0 0 1 5 0 1 0 0
150 12 3 7 0 1 0 1 1 1 1 6 0 1 0 1
150 12 3 8 0 1 0 0 0 0 1 6 0 1 0 0
150 9 2 5 0 2 0 0 0 0 1 2 0 1 0 0
150 10 0 9 0 1 0 0 0 0 0 4 0 1 0 0
150 11 2 6 1 1 0 1 1 1 1 4 1 1 0 1
150 11 2 8 0 1 0 0 0 0 1 4 0 1 0 0
150 11 1 8 0 2 0 0 0 0 1 7 0 1 0 0
150 10 2 6 0 2 0 0 0 0 1 5 0 1 0 0
150 9 1 6 0 2 0 0 0 0 1 4 0 1 0 0
150 13 2 9 0 1 0 1 1 1 1 5 0 1 0 1
150 11 1 9 0 1 0 0 0 0 1 4 0 1 0 0
150 10 1 7 0 1 0 1 1 1 1 4 0 1 0 1
150 14 2 10 0 1 1 0 1 1 1 3 0 1 1 0
150 10 3 5 0 2 0 0 0 0 1 2 0 1 0 0
150 12 1 8 0 2 0 1 1 1 1 3 0 1 0 1
150 9 0 8 0 1 0 0 0 0 0 6 0 1 0 0
150 13 1 10 0 2 0 0 0 0 1 2 0 1 0 0
250 17 4 7 0 5 0 1 1 1 1 3 0 2 0 1
250 12 2 7 0 2 0 1 1 1 1 2 0 1 0 1
250 16 1 12 0 2 0 1 1 1 1 8 0 1 0 1
250 15 0 12 1 0 1 1 1 1 0 5 1 0 1 1
250 22 2 15 0 3 1 1 1 1 1 5 0 1 1 1
250 18 2 13 0 2 0 1 1 1 1 5 0 1 0 1
250 17 3 12 0 2 0 0 0 0 1 6 0 2 0 0
250 13 4 6 0 3 0 0 0 0 1 6 0 2 0 0
250 21 3 14 1 2 0 1 1 1 1 10 1 1 0 1
250 17 3 11 0 3 0 0 0 0 1 5 0 1 0 0
250 18 2 15 0 0 0 1 1 1 1 9 0 0 0 1
250 20 3 14 0 2 0 1 1 1 1 4 0 1 0 1
250 15 3 8 3 0 0 1 1 1 1 4 1 0 0 1
250 17 2 12 0 3 0 0 0 0 1 4 0 1 0 0
250 19 3 14 0 1 0 1 1 1 1 7 0 1 0 1
250 19 5 12 0 1 1 0 1 1 1 7 0 1 1 0
250 13 1 11 0 1 0 0 0 0 1 4 0 1 0 0
250 16 3 10 1 2 0 0 0 0 1 4 1 1 0 0
250 19 2 13 0 2 1 1 1 2 1 4 0 1 1 1
250 15 4 9 0 2 0 0 0 0 1 7 0 1 0 0
250 11 1 9 1 0 0 0 0 0 1 6 1 0 0 0
250 16 2 13 0 1 0 0 0 0 1 6 0 1 0 0
250 19 1 14 0 2 0 2 2 1 1 8 0 1 0 2
250 16 2 11 0 2 0 1 1 1 1 6 0 1 0 1
250 19 4 14 0 0 0 1 1 1 1 11 0 0 0 1
250 14 1 11 0 2 0 0 0 0 1 7 0 2 0 0
250 16 3 9 0 3 0 1 1 1 1 3 0 2 0 1
250 18 0 15 0 3 0 0 0 0 0 10 0 1 0 0
250 17 3 11 0 2 0 1 1 1 2 4 0 1 0 1
250 20 3 13 0 2 0 2 1 2 1 4 0 2 0 2
250 17 1 12 0 3 0 1 1 1 1 4 0 1 0 1
250 20 1 14 0 4 0 1 1 1 1 7 0 2 0 1
250 18 2 14 0 1 0 1 1 1 1 5 0 1 0 1
250 17 2 12 0 1 0 2 1 1 1 4 0 1 0 1
250 18 3 10 0 4 0 1 1 1 1 5 0 1 0 1
250 18 6 9 0 2 0 1 1 1 1 5 0 1 0 1
250 15 1 10 0 4 0 0 0 0 1 3 0 2 0 0
250 13 0 9 0 3 0 1 1 1 0 4 0 1 0 1
250 23 2 17 0 3 0 1 1 1 1 10 0 1 0 1
250 19 2 12 1 3 0 1 1 1 1 7 1 1 0 1
250 19 0 16 0 2 0 1 1 1 0 12 0 1 0 1
250 18 3 13 0 2 0 0 0 0 1 8 0 1 0 0
250 18 2 13 0 3 0 0 0 0 1 5 0 1 0 0
250 20 0 16 0 2 0 2 1 1 0 8 0 1 0 2
250 13 4 7 0 2 0 0 0 0 1 2 0 1 0 0
250 19 1 16 0 1 0 1 1 1 1 6 0 1 0 1
250 14 1 11 1 1 0 0 0 0 1 5 1 1 0 0
250 14 1 8 1 3 0 1 1 1 1 4 1 1 0 1
250 17 1 12 0 3 0 1 1 1 1 8 0 2 0 1
250 14 1 11 0 2 0 0 0 0 1 6 0 1 0 0
350 26 7 14 0 5 0 0 0 0 1 7 0 1 0 0
350 25 5 17 0 2 0 1 1 1 1 6 0 1 0 1
350 21 4 13 0 3 0 1 1 1 1 6 0 1 0 1
350 26 6 13 0 4 1 2 2 1 1 7 0 2 1 1
350 23 3 16 0 3 0 1 1 1 1 8 0 1 0 1
350 26 6 19 0 1 0 0 0 0 1 14 0 1 0 0
350 26 4 18 0 3 0 1 1 1 1 6 0 2 0 1
350 23 6 14 0 3 0 0 0 0 1 8 0 1 0 0
350 26 6 18 1 0 0 1 1 1 1 5 1 0 0 1
350 29 4 20 0 3 1 1 2 1 1 11 0 2 1 1
350 27 6 17 0 2 0 2 1 2 1 8 0 2 0 2
350 22 3 17 0 1 0 1 1 1 1 9 0 1 0 1
350 16 2 8 1 4 0 1 1 1 1 3 1 2 0 1
350 27 3 19 0 2 0 3 2 1 1 10 0 1 0 2
350 21 5 10 0 4 0 2 2 1 1 4 0 2 0 2
350 25 5 15 0 4 0 1 1 1 1 10 0 2 0 1
350 24 3 18 1 2 0 0 0 0 1 6 1 1 0 0
350 22 7 10 0 5 0 0 0 0 1 5 0 2 0 0
350 22 2 14 0 5 0 1 1 1 1 8 0 1 0 1
350 26 3 19 0 3 0 1 1 1 1 10 0 1 0 1
350 23 5 14 0 3 0 1 1 1 1 5 0 2 0 1
350 22 6 13 0 2 0 1 1 1 1 5 0 1 0 1
350 22 5 14 0 3 0 0 0 0 1 5 0 1 0 0
350 18 3 11 1 3 0 0 0 0 1 2 1 2 0 0
350 26 6 16 0 4 0 0 0 0 1 6 0 1 0 0
350 22 4 14 0 3 0 1 1 1 1 4 0 3 0 1
350 23 3 15 0 4 0 1 1 1 1 7 0 1 0 1
350 22 5 13 0 4 0 0 0 0 1 9 0 2 0 0
350 22 4 14 0 3 1 0 1 1 1 5 0 2 1 0
350 27 2 20 0 3 0 2 1 1 1 12 0 1 0 2
350 27 5 16 0 5 0 1 1 1 1 5 0 2 0 1
350 27 3 21 1 2 0 0 0 0 1 7 1 1 0 0
350 28 2 21 1 2 1 1 1 1 1 11 1 1 1 1
350 23 2 16 1 3 1 0 1 1 1 5 1 3 1 0
350 25 3 17 0 4 0 1 1 1 1 4 0 2 0 1
350 24 4 17 0 2 0 1 1 1 1 7 0 1 0 1
350 25 4 17 0 3 0 1 1 1 1 3 0 1 0 1
350 30 5 21 0 3 0 1 1 1 1 10 0 1 0 1
350 24 4 13 0 6 0 1 1 1 1 8 0 2 0 1
350 21 3 15 0 2 0 1 1 1 1 5 0 2 0 1
350 23 3 17 0 3 0 0 0 0 1 12 0 1 0 0
350 20 4 13 0 2 0 1 1 1 2 4 0 1 0 1
350 23 2 14 0 5 0 2 1 2 1 4 0 3 0 2
350 24 4 15 1 3 0 1 1 1 1 8 1 1 0 1
350 23 1 20 0 0 0 2 1 2 1 9 0 0 0 2
350 22 4 13 0 5 0 0 0 0 1 9 0 1 0 0
350 27 1 23 0 3 0 0 0 0 1 5 0 1 0 0
350 28 4 19 0 4 0 1 1 1 1 13 0 2 0 1
350 26 4 16 0 5 0 1 1 1 1 7 0 2 0 1
350 22 6 13 0 2 0 1 1 1 1 7 0 1 0 1
450 33 4 22 0 5 0 2 2 1 1 8 0 2 0 2
450 27 3 19 0 4 0 1 1 1 1 7 0 2 0 1
450 30 5 20 0 4 0 1 1 1 1 8 0 2 0 1
450 33 7 23 0 3 0 0 0 0 1 10 0 2 0 0
450 32 4 23 0 4 0 1 1 1 1 9 0 2 0 1
450 31 2 24 0 4 1 0 1 1 1 14 0 1 1 0
450 34 6 23 1 4 0 0 0 0 1 16 1 1 0 0
450 34 7 20 0 5 0 2 1 1 1 8 0 1 0 1
450 34 3 26 2 2 0 1 1 1 1 18 2 1 0 1
450 36 5 26 0 5 0 0 0 0 1 20 0 2 0 0
450 26 5 18 0 3 0 0 0 0 1 13 0 1 0 0
450 34 4 24 1 5 0 0 0 0 1 11 1 2 0 0
450 34 5 20 0 4 1 4 4 1 1 9 0 2 1 3
450 33 4 23 1 4 0 1 1 1 1 12 1 2 0 1
450 32 3 21 0 5 0 3 3 1 1 6 0 2 0 3
450 34 5 24 0 4 0 1 1 1 1 7 0 2 0 1
450 34 5 22 0 5 0 2 1 1 1 11 0 2 0 1
450 34 5 21 1 4 0 3 2 1 1 8 1 2 0 1
450 32 4 22 1 3 0 2 2 1 1 10 1 2 0 2
450 31 4 20 1 5 0 1 1 1 1 11 1 1 0 1
450 38 7 23 0 6 1 1 1 1 1 11 0 1 1 1
450 33 2 23 0 4 0 4 3 2 1 10 0 1 0 3
450 32 3 20 1 5 0 3 2 1 1 8 1 2 0 2
450 31 4 24 0 2 0 1 1 1 1 12 0 1 0 1
450 31 4 21 0 5 0 1 1 1 1 10 0 4 0 1
450 30 4 19 0 5 0 2 1 1 1 7 0 2 0 1
450 30 1 23 0 4 0 2 1 1 1 10 0 1 0 1
450 25 5 17 0 1 0 2 1 1 1 8 0 1 0 2
450 37 7 26 0 4 0 0 0 0 1 11 0 2 0 0
450 35 9 21 0 3 1 1 2 1 1 8 0 1 1 1
450 30 2 24 0 2 1 1 2 1 1 6 0 1 1 1
450 28 2 20 0 5 0 1 1 1 1 7 0 1 0 1
450 25 2 19 0 3 0 1 1 1 1 6 0 1 0 1
450 40 5 24 0 7 1 3 3 1 1 15 0 2 1 2
450 30 3 19 0 6 1 1 2 1 1 12 0 2 1 1
450 28 4 20 0 2 0 2 1 1 1 10 0 1 0 2
450 29 4 21 0 3 0 1 1 1 1 10 0 1 0 1
450 32 2 28 0 2 0 0 0 0 1 12 0 1 0 0
450 31 4 22 0 5 0 0 0 0 1 8 0 2 0 0
450 31 4 23 0 3 0 1 1 1 1 7 0 1 0 1
450 35 3 22 0 6 0 4 2 1 1 7 0 2 0 2
450 27 2 14 0 7 1 3 3 1 1 5 0 2 1 2
450 27 2 19 0 5 0 1 1 1 1 8 0 2 0 1
450 32 7 22 0 2 1 0 1 1 1 6 0 1 1 0
450 35 2 26 0 4 0 3 2 1 1 7 0 1 0 2
450 29 5 22 1 0 0 1 1 1 1 8 1 0 0 1
450 33 4 20 0 6 0 3 2 2 1 7 0 2 0 3
450 30 6 21 0 2 0 1 1 1 1 8 0 1 0 1
450 33 7 19 0 5 0 2 1 1 1 10 0 1 0 2
450 35 6 22 0 6 0 1 1 1 1 8 0 2 0 1
550 35 5 24 0 4 0 2 1 1 1 5 0 2 0 1
550 37 3 24 0 8 0 2 1 1 1 9 0 2 0 1
550 47 3 34 0 5 2 3 2 1 1 11 0 2 1 2
550 41 4 29 0 6 0 2 1 2 1 7 0 2 0 2
550 46 5 32 0 7 0 2 1 1 1 10 0 3 0 1
550 37 5 26 1 3 0 2 1 2 1 7 1 2 0 2
550 44 7 26 1 6 0 4 3 2 2 15 1 3 0 4
550 38 6 23 0 7 0 2 2 1 1 7 0 3 0 2
550 34 4 22 0 7 0 1 1 1 1 8 0 2 0 1
550 36 6 20 1 8 0 1 1 1 1 9 1 2 0 1
550 40 9 24 0 6 0 1 1 1 1 11 0 3 0 1
550 39 8 24 0 6 0 1 1 1 1 11 0 2 0 1
550 42 5 28 0 7 0 2 2 1 1 11 0 1 0 2
550 33 6 21 0 6 0 0 0 0 1 10 0 1 0 0
550 33 6 21 0 4 0 2 1 1 1 8 0 3 0 2
550 36 4 23 0 6 0 3 2 1 1 10 0 2 0 1
550 38 4 27 0 4 0 3 3 2 1 11 0 2 0 3
550 48 9 33 0 3 0 3 2 1 1 14 0 1 0 2
550 40 4 26 0 7 1 2 3 1 1 12 0 3 1 2
550 39 4 29 0 6 0 0 0 0 1 11 0 1 0 0
550 39 8 22 0 7 0 2 1 1 1 9 0 2 0 2
550 49 4 35 0 7 0 3 2 1 1 9 0 4 0 1
550 40 6 25 0 6 0 3 2 1 1 9 0 2 0 1
550 44 7 26 0 10 0 1 1 1 1 11 0 1 0 1
550 37 10 22 0 4 0 1 1 1 1 9 0 2 0 1
550 30 3 21 1 4 0 1 1 1 1 5 1 2 0 1
550 38 5 26 0 7 0 0 0 0 1 7 0 3 0 0
550 35 5 23 0 5 0 2 1 1 2 7 0 2 0 1
550 37 5 24 1 4 1 2 2 2 1 6 1 2 1 2
550 40 5 29 0 2 0 4 3 1 1 8 0 1 0 3
550 33 2 26 0 4 0 1 1 1 1 8 0 2 0 1
550 40 5 26 0 7 0 2 1 1 1 9 0 2 0 1
550 44 5 24 0 10 0 5 2 2 1 9 0 2 0 5
550 31 5 20 0 4 0 2 1 1 1 14 0 2 0 1
550 43 9 27 0 4 0 3 2 1 1 11 0 1 0 2
550 34 5 20 0 6 0 3 2 1 1 6 0 2 0 1
550 31 4 20 0 6 0 1 1 1 1 5 0 2 0 1
550 48 4 35 0 8 0 1 1 1 1 18 0 2 0 1
550 42 6 31 0 3 1 1 1 1 1 18 0 1 1 1
550 44 5 31 0 7 0 1 1 1 1 6 0 2 0 1
550 41 7 26 1 5 0 2 1 1 1 7 1 1 0 1
550 36 5 25 0 4 0 2 1 1 1 11 0 2 0 1
550 41 8 27 0 5 0 1 1 1 1 14 0 1 0 1
550 34 5 20 0 8 0 1 1 1 1 7 0 1 0 1
550 42 2 29 0 4 1 6 4 4 1 10 0 2 1 6
550 36 4 26 0 5 0 1 1 1 1 8 0 1 0 1
550 36 3 30 0 3 0 0 0 0 1 11 0 1 0 0
550 44 6 28 0 8 1 1 1 1 1 9 0 3 1 1
550 45 7 29 0 6 0 3 2 1 1 12 0 2 0 2
550 36 4 22 0 7 0 3 2 1 1 7 0 2 0 1
650 47 5 32 0 7 1 2 2 1 1 12 0 2 1 1
650 47 10 23 0 10 1 3 2 2 1 10 0 2 1 2
650 45 9 27 0 6 0 3 2 2 1 13 0 2 0 3
650 46 6 32 0 6 0 2 1 2 1 17 0 2 0 2
650 52 8 34 0 7 1 2 2 1 1 17 0 1 1 1
650 50 8 33 0 6 0 3 2 1 1 8 0 2 0 2
650 46 10 26 0 8 0 2 1 1 1 8 0 2 0 1
650 53 6 37 0 6 1 3 3 1 1 13 0 2 1 2
650 49 9 31 0 7 0 2 1 1 1 8 0 2 0 1
650 40 7 24 0 8 0 1 1 1 1 10 0 2 0 1
650 44 8 26 0 8 0 2 2 1 1 12 0 2 0 2
650 43 5 32 0 5 0 1 1 1 1 15 0 2 0 1
650 54 6 37 0 8 0 3 2 1 1 9 0 1 0 2
650 44 5 32 0 5 0 2 1 1 1 12 0 2 0 1
650 46 9 25 0 10 0 2 1 1 1 10 0 2 0 1
650 42 8 24 1 8 0 1 1 1 1 8 1 2 0 1
650 47 8 28 1 7 0 3 2 2 1 7 1 2 0 2
650 47 8 28 0 6 2 3 4 2 1 13 0 3 2 2
650 51 8 31 0 7 0 5 4 2 1 8 0 2 0 3
650 47 9 30 2 5 0 1 1 1 1 8 1 1 0 1
650 43 3 30 1 6 0 3 2 1 1 10 1 2 0 2
650 48 2 40 0 4 0 2 1 1 1 20 0 1 0 1
650 49 4 38 1 4 0 2 1 2 1 18 1 2 0 2
650 49 8 32 0 8 0 1 1 1 1 5 0 2 0 1
650 42 6 27 0 7 0 2 2 1 1 9 0 2 0 2
650 48 9 30 0 6 0 3 2 2 1 16 0 2 0 2
650 43 7 28 0 7 0 1 1 1 1 10 0 2 0 1
650 43 7 25 0 9 0 2 1 1 1 8 0 2 0 2
650 41 6 28 0 5 0 2 1 1 1 12 0 2 0 1
650 45 9 28 0 6 0 2 1 1 1 13 0 2 0 1
650 46 8 25 0 10 0 3 2 1 1 6 0 2 0 1
650 53 11 37 0 4 0 1 1 1 1 15 0 1 0 1
650 55 10 34 0 8 0 3 2 2 1 9 0 2 0 3
650 45 7 30 2 3 0 3 2 1 1 11 1 1 0 1
650 42 6 24 0 9 0 3 2 1 1 12 0 2 0 2
650 49 5 34 0 7 0 3 2 1 1 10 0 2 0 2
650 48 8 31 0 6 0 3 2 1 1 11 0 2 0 2
650 47 8 31 0 5 0 3 2 1 1 12 0 1 0 2
650 41 6 27 0 6 0 2 1 1 1 11 0 3 0 1
650 47 6 32 0 7 0 2 1 1 1 13 0 3 0 1
650 52 12 35 0 3 0 2 1 1 1 11 0 1 0 1
650 47 5 28 0 9 0 5 2 2 2 10 0 2 0 4
650 40 6 24 0 8 0 2 1 1 2 6 0 2 0 1
650 50 7 34 0 7 0 2 1 1 1 12 0 2 0 1
650 51 9 37 0 4 0 1 1 1 1 23 0 1 0 1
650 44 7 28 0 4 1 4 4 1 1 5 0 1 1 2
650 43 6 30 0 6 0 1 1 1 1 9 0 2 0 1
650 35 6 23 1 4 0 1 1 1 1 5 1 1 0 1
650 50 6 31 0 7 2 4 4 1 1 9 0 2 2 2
650 44 6 25 1 8 1 3 3 2 1 8 1 3 1 3
750 60 11 26 1 12 2 8 4 2 1 6 1 3 1 3
750 45 6 27 1 8 1 2 2 1 1 10 1 3 1 1
750 53 7 30 0 11 0 5 3 1 1 9 0 2 0 2
750 49 7 31 0 9 0 2 1 1 1 7 0 2 0 1
750 51 8 33 0 7 0 3 2 1 1 11 0 1 0 2
750 60 13 37 0 9 0 1 1 1 1 10 0 2 0 1
750 46 4 36 0 4 0 2 1 1 1 13 0 1 0 1
750 57 8 32 0 12 0 5 2 1 1 14 0 2 0 2
750 41 3 29 0 7 0 2 1 1 1 13 0 2 0 1
750 59 11 39 0 6 0 3 2 1 1 10 0 2 0 2
750 56 7 39 0 5 2 3 2 2 1 17 0 2 2 1
750 53 7 33 1 7 0 5 4 1 1 9 1 2 0 3
750 43 4 33 0 5 0 1 1 1 1 14 0 1 0 1
750 54 7 39 0 6 0 2 1 1 1 16 0 1 0 1
750 54 6 38 0 8 1 1 2 1 1 16 0 2 1 1
750 55 11 31 0 8 1 4 2 2 1 12 0 2 1 2
750 49 6 32 1 8 0 2 1 1 1 17 1 2 0 1
750 48 9 29 0 6 2 2 3 1 1 12 0 2 2 1
750 53 7 30 0 13 0 3 2 1 1 11 0 3 0 3
750 58 9 39 1 7 0 2 1 1 1 13 1 2 0 2
750 49 3 38 1 6 1 0 1 1 1 11 1 2 1 0
750 51 9 28 0 10 1 3 2 1 1 8 0 2 1 1
750 57 8 31 0 10 1 7 6 3 1 9 0 2 1 7
750 44 4 32 0 6 0 2 1 1 1 11 0 2 0 1
750 56 8 38 0 7 1 2 2 1 1 19 0 1 1 1
750 52 10 33 0 6 1 2 2 1 1 16 0 2 1 2
750 52 11 35 0 4 0 2 1 1 1 10 0 1 0 2
750 50 9 34 0 6 0 1 1 1 1 10 0 1 0 1
750 54 9 35 0 8 0 2 1 1 1 12 0 2 0 1
750 52 7 32 0 8 0 5 2 3 1 12 0 3 0 4
750 50 5 36 0 7 0 2 1 1 1 10 0 1 0 1
750 46 5 33 0 6 1 1 1 1 1 10 0 2 1 1
750 59 9 36 0 11 0 3 2 1 1 10 0 3 0 1
750 59 8 29 0 16 0 6 3 2 1 8 0 3 0 2
750 54 9 34 2 7 0 2 1 1 1 12 1 2 0 2
750 57 8 38 0 6 1 4 4 1 2 15 0 2 1 2
750 61 7 41 0 9 1 3 2 1 1 16 0 2 1 1
750 51 9 35 0 6 0 1 1 1 1 10 0 3 0 1
750 48 7 33 0 7 0 1 1 1 1 8 0 2 0 1
750 48 6 33 0 7 0 2 1 1 1 10 0 2 0 2
750 58 7 41 0 8 0 2 1 1 1 16 0 2 0 1
750 49 7 32 1 8 0 1 1 1 1 9 1 2 0 1
750 45 5 32 0 6 1 1 1 1 1 14 0 1 1 1
750 54 7 36 0 8 0 3 2 2 2 11 0 2 0 2
750 56 3 43 0 6 0 4 3 2 1 15 0 2 0 2
750 49 7 32 0 6 1 3 2 1 1 10 0 1 1 2
750 51 12 29 0 7 0 3 2 1 1 19 0 2 0 1
750 50 8 32 0 8 0 2 1 1 1 15 0 1 0 2
750 57 7 38 1 7 0 4 3 1 1 11 1 2 0 2
750 49 10 31 0 7 1 0 1 1 1 20 0 2 1 0
850 61 9 40 0 10 0 2 2 1 1 13 0 2 0 2
850 59 8 36 1 11 0 3 2 1 1 13 1 2 0 2
850 57 9 33 0 11 0 4 2 1 1 10 0 2 0 2
850 51 7 34 1 7 0 2 1 1 1 8 1 1 0 1
850 59 8 39 1 8 0 3 2 1 1 7 1 2 0 2
850 62 6 47 0 7 0 2 1 1 1 10 0 2 0 1
850 59 8 39 0 11 0 1 1 1 1 10 0 3 0 1
850 62 7 47 0 7 0 1 1 1 1 16 0 2 0 1
850 58 6 40 0 10 0 2 2 1 1 16 0 2 0 2
850 54 7 36 0 11 0 0 0 0 1 14 0 2 0 0
850 59 9 42 0 5 0 3 2 1 1 13 0 1 0 1
850 59 8 41 1 8 0 1 1 1 1 13 1 1 0 1
850 52 7 35 0 7 0 3 2 1 1 12 0 1 0 3
850 63 10 42 0 8 0 3 2 1 1 16 0 2 0 3
850 64 8 42 1 10 0 3 2 1 1 9 1 2 0 2
850 61 5 46 0 7 0 3 2 1 1 18 0 2 0 2
850 57 6 40 0 8 0 3 2 1 1 11 0 1 0 1
850 57 8 36 0 7 1 5 4 1 1 8 0 2 1 3
850 62 5 47 0 6 0 4 2 2 1 17 0 2 0 3
850 59 9 37 0 11 0 2 1 1 1 14 0 3 0 1
850 63 7 46 1 7 0 2 1 1 1 12 1 1 0 1
850 54 8 36 0 7 0 3 2 1 1 14 0 2 0 2
850 61 6 42 0 6 1 6 3 1 2 17 0 2 1 3
850 65 12 45 0 6 0 2 1 1 1 10 0 2 0 1
850 59 3 42 0 11 0 3 2 1 1 14 0 2 0 2
850 51 9 33 1 6 0 2 1 1 1 10 1 3 0 1
850 63 8 43 0 10 0 2 1 1 1 10 0 2 0 1
850 65 7 42 0 10 2 4 3 1 1 19 0 2 1 1
850 63 7 42 0 10 0 4 2 2 1 11 0 3 0 2
850 66 11 43 0 9 0 3 3 1 1 12 0 3 0 3
850 58 8 38 0 9 1 2 2 1 1 17 0 2 1 2
850 63 9 42 1 6 0 5 3 1 1 12 1 2 0 3
850 62 5 48 0 6 0 3 2 1 1 13 0 2 0 1
850 62 4 47 1 7 0 3 2 2 1 14 1 2 0 2
850 63 8 40 1 11 0 3 2 1 1 17 1 2 0 2
850 53 4 41 0 5 0 3 2 2 1 11 0 2 0 2
850 59 10 38 0 8 0 3 2 1 2 19 0 2 0 2
850 61 9 39 0 9 0 4 2 2 1 12 0 3 0 3
850 66 7 48 0 8 0 3 2 1 1 10 0 1 0 1
850 53 4 38 0 8 0 3 2 1 1 14 0 2 0 2
850 62 13 39 0 6 2 2 2 1 2 11 0 1 1 1
850 57 5 39 0 8 0 5 3 1 1 15 0 2 0 2
850 55 6 36 0 11 0 2 1 1 1 10 0 1 0 1
850 61 8 39 0 9 0 5 4 1 1 12 0 2 0 4
850 57 10 35 0 11 0 1 1 1 1 10 0 2 0 1
850 58 9 40 0 7 0 2 1 1 1 20 0 3 0 1
850 56 7 35 0 10 0 4 2 1 1 7 0 3 0 2
850 58 8 41 0 5 1 3 3 1 1 13 0 2 1 2
850 67 8 44 0 10 0 5 3 1 1 16 0 2 0 2
850 58 8 39 0 8 0 3 2 1 1 12 0 1 0 2
950 72 10 47 0 9 1 5 3 2 1 18 0 2 1 3
950 68 10 50 0 6 1 1 1 1 1 17 0 1 1 1
950 62 13 32 0 13 0 4 3 2 1 12 0 4 0 4
950 73 15 45 0 9 1 3 2 1 2 14 0 2 1 1
950 71 12 44 0 10 1 4 3 1 1 17 0 3 1 3
950 64 8 38 0 14 0 4 2 1 1 13 0 3 0 2
950 72 12 48 0 8 0 4 2 1 1 20 0 2 0 2
950 71 11 45 1 9 1 4 2 1 1 13 1 2 1 2
950 70 13 41 0 13 0 3 2 1 1 11 0 2 0 3
950 58 10 38 0 8 1 1 1 1 1 17 0 2 1 1
950 69 7 48 0 10 0 4 3 1 1 19 0 3 0 3
950 57 5 39 2 8 1 2 2 1 1 14 2 2 1 1
950 66 12 38 1 10 1 4 4 1 1 9 1 2 1 2
950 64 7 45 0 10 0 2 1 1 1 14 0 2 0 2
950 74 13 47 0 11 0 3 2 1 1 14 0 1 0 2
950 66 7 46 0 10 1 2 2 1 1 8 0 2 1 2
950 74 8 53 0 10 0 3 2 1 1 22 0 2 0 1
950 59 7 45 0 5 0 2 1 1 1 12 0 1 0 1
950 66 8 45 0 11 0 2 1 1 1 15 0 2 0 1
950 66 8 46 0 10 0 2 2 1 1 6 0 2 0 2
950 67 8 47 0 9 0 3 2 2 1 14 0 2 0 3
950 72 15 39 0 12 1 5 5 2 1 13 0 4 1 4
950 72 12 44 0 11 0 5 2 1 1 18 0 2 0 2
950 67 13 41 0 10 1 2 2 1 1 17 0 2 1 1
950 71 7 48 0 12 0 4 2 2 1 7 0 2 0 3
950 69 8 47 0 10 1 3 3 1 1 13 0 3 1 3
950 74 11 49 1 10 0 3 2 1 1 12 1 2 0 2
950 70 5 52 0 10 0 3 2 1 1 21 0 1 0 2
950 68 11 40 0 12 1 4 2 2 1 17 0 3 1 2
950 73 11 46 0 11 1 4 3 2 1 16 0 2 1 3
950 65 7 44 0 11 0 3 2 2 1 24 0 3 0 2
950 71 10 47 0 9 1 4 4 2 1 9 0 2 1 3
950 71 13 39 1 11 0 7 6 2 1 15 1 2 0 5
950 70 9 47 0 11 0 3 2 1 1 11 0 3 0 2
950 73 9 53 0 8 1 2 2 1 1 13 0 2 1 1
950 67 7 46 0 9 1 4 3 1 2 13 0 2 1 2
950 66 6 47 0 9 1 3 3 2 1 15 0 2 1 2
950 70 10 45 0 8 1 6 4 1 1 13 0 2 1 2
950 60 7 41 0 9 0 3 2 1 1 9 0 1 0 1
950 69 12 47 0 8 0 2 1 1 1 15 0 2 0 1
950 67 9 45 0 10 0 3 2 1 1 17 0 2 0 2
950 65 8 41 0 10 1 5 3 1 1 14 0 2 1 2
950 66 11 43 0 8 0 4 2 2 1 18 0 2 0 4
950 67 8 44 0 13 1 1 1 1 1 9 0 2 1 1
950 66 10 44 0 8 1 3 2 2 1 13 0 3 1 2
950 63 6 45 0 9 0 3 2 1 1 15 0 2 0 2
950 64 8 41 0 10 0 5 2 1 1 18 0 1 0 2
950 64 10 40 0 11 0 3 2 1 1 22 0 2 0 2
950 68 10 38 1 14 0 5 2 1 1 15 1 2 0 2
950 78 13 49 0 9 1 6 4 2 1 18 0 3 1 3
1050 76 12 48 0 13 0 3 2 1 1 13 0 3 0 1
1050 73 9 45 0 13 0 6 3 2 1 10 0 2 0 2
1050 73 11 46 0 11 1 4 2 1 1 12 0 2 1 2
1050 80 11 46 0 16 1 6 3 2 1 14 0 3 1 2
1050 86 15 56 0 10 1 4 2 1 1 21 0 2 1 3
1050 66 9 41 1 10 0 5 3 2 1 12 1 3 0 3
1050 69 9 48 0 11 0 1 1 1 1 11 0 1 0 1
1050 86 9 54 0 13 0 10 7 3 1 19 0 2 0 6
1050 77 9 51 0 12 1 4 2 1 1 11 0 2 1 2
1050 77 13 50 0 10 0 4 2 1 1 17 0 2 0 2
1050 79 10 51 0 13 2 3 2 1 1 18 0 3 1 2
1050 82 11 49 0 14 0 8 7 3 1 9 0 3 0 6
1050 86 11 52 1 16 1 5 5 2 1 14 1 2 1 3
1050 81 12 54 0 12 1 2 2 1 1 18 0 3 1 2
1050 81 13 51 1 10 1 5 3 1 2 20 1 2 1 1
1050 74 5 51 0 12 1 5 4 2 1 11 0 2 1 3
1050 78 8 52 0 13 0 5 2 2 1 14 0 2 0 3
1050 75 13 50 0 8 0 4 2 1 1 19 0 2 0 2
1050 73 9 49 0 12 0 3 2 1 1 10 0 2 0 1
1050 73 14 45 0 11 0 3 2 1 1 11 0 3 0 1
1050 75 9 56 0 7 0 3 2 1 1 13 0 2 0 1
1050 79 8 57 0 9 0 5 2 2 1 15 0 3 0 3
1050 71 7 49 0 11 0 4 2 1 1 9 0 2 0 2
1050 87 11 58 0 11 0 7 3 2 1 19 0 3 0 5
1050 71 8 52 0 7 1 3 2 2 1 12 0 2 1 2
1050 74 10 51 0 8 0 5 2 3 1 18 0 2 0 4
1050 70 11 38 0 17 1 3 2 2 1 7 0 3 1 2
1050 70 11 51 0 5 0 3 2 1 1 17 0 1 0 1
1050 79 6 57 0 7 1 8 4 2 1 11 0 1 1 3
1050 79 10 51 0 13 0 5 2 1 1 16 0 3 0 2
1050 74 13 41 1 14 0 5 4 2 1 11 1 4 0 4
1050 72 6 46 0 16 1 3 2 2 1 16 0 3 1 3
1050 82 14 49 0 14 1 4 2 2 1 12 0 3 1 2
1050 83 10 57 1 9 1 5 3 3 1 15 1 3 1 4
1050 70 8 46 1 11 1 3 2 1 1 17 1 2 1 1
1050 77 12 47 0 14 0 4 2 2 1 12 0 2 0 2
1050 72 10 48 0 12 0 2 2 1 1 8 0 2 0 2
1050 74 11 44 0 14 0 5 2 3 1 12 0 5 0 3
1050 73 11 50 0 9 1 2 3 1 2 7 0 1 1 2
1050 77 11 48 2 11 0 5 4 1 1 15 1 2 0 3
1050 77 10 49 0 12 0 6 3 2 1 18 0 2 0 4
1050 82 12 58 0 7 0 5 2 2 1 18 0 2 0 2
1050 64 5 43 0 14 0 2 2 1 1 10 0 1 0 2
1050 67 7 45 1 11 0 3 2 1 1 8 1 2 0 2
1050 69 9 46 0 10 0 4 2 1 1 12 0 2 0 2
1050 71 15 39 0 13 1 3 2 1 1 11 0 2 1 2
1050 82 11 61 0 8 0 2 1 1 1 15 0 2 0 1
1050 77 14 42 0 16 0 5 3 1 1 15 0 4 0 2
1050 69 8 48 0 11 0 2 2 1 1 13 0 2 0 2
1050 88 12 56 0 10 3 7 4 4 1 19 0 2 3 5
1150 77 13 51 0 8 1 4 2 1 2 16 0 2 1 2
1150 83 10 56 0 13 0 4 3 1 1 30 0 2 0 3
1150 82 6 62 0 9 0 5 3 2 1 9 0 2 0 2
1150 72 12 44 0 12 0 4 3 2 1 19 0 2 0 2
1150 89 11 60 0 10 1 7 4 2 1 20 0 2 1 3
1150 76 12 52 0 9 0 3 2 1 1 18 0 1 0 2
1150 77 6 56 0 9 0 6 3 2 1 19 0 3 0 3
1150 90 15 55 0 14 2 4 3 1 1 16 0 2 2 2
1150 78 9 50 0 15 1 3 3 1 1 14 0 3 1 2
1150 84 13 58 0 10 0 3 2 1 1 19 0 3 0 1
1150 80 13 49 0 13 1 4 3 1 2 13 0 2 1 2
1150 83 12 56 1 12 0 2 1 1 1 18 1 2 0 1
1150 74 9 50 0 11 1 3 3 1 1 15 0 2 1 3
1150 81 11 51 0 14 0 5 3 2 1 12 0 2 0 3
1150 87 13 55 0 14 0 5 3 2 1 24 0 2 0 2
1150 79 12 56 1 8 0 2 1 1 1 16 1 2 0 2
1150 76 7 53 1 12 0 3 2 1 1 10 1 3 0 2
1150 80 8 52 0 13 0 7 5 2 1 23 0 3 0 4
1150 85 11 56 0 13 0 5 4 2 1 13 0 2 0 4
1150 79 12 54 0 12 0 1 1 1 1 14 0 2 0 1
1150 75 12 41 0 19 0 3 2 2 1 11 0 2 0 2
1150 88 10 53 0 16 0 9 5 2 1 14 0 3 0 4
1150 73 15 46 0 8 0 4 2 1 1 21 0 1 0 2
1150 80 8 54 0 14 0 4 2 2 1 12 0 2 0 3
1150 83 14 50 1 12 1 5 3 1 1 12 1 2 1 2
1150 84 14 57 1 10 0 2 1 1 1 13 1 2 0 2
1150 79 13 48 0 15 1 2 2 1 1 14 0 3 1 2
1150 81 21 44 0 13 0 3 2 1 2 20 0 2 0 1
1150 80 13 51 0 12 1 3 2 1 1 17 0 2 1 2
1150 76 10 49 0 14 0 3 2 1 1 21 0 2 0 2
1150 92 11 63 0 13 1 4 3 1 1 16 0 2 1 3
1150 76 13 47 0 10 0 6 3 1 1 13 0 1 0 2
1150 92 9 64 0 12 1 6 3 2 2 28 0 2 1 3
1150 79 9 52 0 14 0 4 3 1 1 12 0 3 0 2
1150 82 12 51 0 12 1 6 5 2 1 17 0 2 1 4
1150 86 9 56 0 13 0 8 4 2 1 19 0 3 0 4
1150 80 9 57 0 12 0 2 1 1 1 13 0 1 0 1
1150 78 9 55 0 12 0 2 1 2 1 13 0 2 0 2
1150 88 12 58 0 13 0 5 2 1 1 19 0 2 0 3
1150 85 16 52 0 11 0 6 5 2 1 22 0 2 0 4
1150 81 10 52 0 14 1 4 4 2 1 12 0 4 1 3
1150 77 13 47 0 14 0 3 3 2 1 17 0 3 0 3
1150 81 8 60 0 10 0 3 2 1 1 22 0 2 0 2
1150 81 17 48 0 11 0 5 3 2 1 10 0 2 0 2
1150 74 11 50 0 12 0 1 1 1 1 13 0 2 0 1
1150 85 14 58 0 8 0 5 2 2 1 25 0 2 0 3
1150 81 7 52 0 15 0 7 3 2 1 16 0 4 0 3
1150 77 10 52 1 8 0 6 3 1 1 14 1 2 0 2
1150 83 13 54 0 12 0 4 3 1 1 17 0 2 0 3
1150 83 15 48 0 13 2 5 3 1 2 19 0 3 1 2
1250 97 18 59 0 14 0 6 4 2 1 18 0 3 0 4
1250 88 18 53 1 11 3 2 2 1 2 19 1 2 1 2
1250 92 13 58 0 16 0 5 3 1 1 28 0 2 0 3
1250 83 10 54 0 14 0 5 2 1 1 13 0 2 0 2
1250 83 11 54 0 12 1 5 3 1 1 14 0 3 1 3
1250 93 18 52 0 15 0 8 4 2 1 23 0 4 0 3
1250 88 13 57 0 13 0 5 2 1 1 10 0 2 0 2
1250 89 15 59 0 13 0 2 1 1 1 14 0 2 0 1
1250 98 10 64 1 14 2 7 4 2 1 15 1 4 2 4
1250 91 9 64 0 10 1 7 3 2 1 13 0 2 1 3
1250 93 8 63 0 16 0 6 3 1 1 18 0 2 0 2
1250 93 9 66 0 12 2 4 5 1 1 23 0 2 2 2
1250 89 9 61 0 12 0 7 3 1 1 18 0 2 0 3
1250 94 10 61 0 17 0 6 3 2 1 13 0 2 0 3
1250 85 10 57 0 14 0 4 2 1 1 10 0 2 0 2
1250 83 16 55 0 8 0 4 3 1 1 22 0 2 0 2
1250 93 11 62 0 16 0 4 3 2 1 13 0 3 0 3
1250 83 16 53 1 11 0 2 1 1 1 16 1 3 0 1
1250 85 10 54 0 17 0 4 2 1 1 14 0 3 0 1
1250 87 9 63 0 11 1 3 2 2 1 15 0 4 1 1
1250 83 9 59 0 14 0 1 1 1 1 21 0 2 0 1
1250 102 14 71 0 11 0 6 3 2 1 13 0 2 0 4
1250 97 14 61 0 18 0 4 3 1 1 17 0 3 0 2
1250 79 9 58 0 10 0 2 1 1 1 24 0 3 0 1
1250 84 9 54 0 14 3 4 3 2 1 10 0 2 3 3
1250 96 19 50 0 15 4 8 5 2 2 14 0 2 1 3
1250 84 12 55 0 12 1 4 3 1 1 11 0 2 1 3
1250 92 12 58 0 15 1 6 3 1 1 19 0 2 1 3
1250 98 14 56 0 18 2 8 4 1 2 18 0 3 1 3
1250 97 14 60 0 17 0 6 3 1 1 14 0 2 0 3
1250 89 14 58 0 12 0 5 2 2 1 17 0 3 0 3
1250 93 14 56 0 16 0 7 4 1 1 16 0 3 0 3
1250 86 13 53 0 14 2 4 3 1 2 16 0 2 1 2
1250 84 12 51 0 15 0 6 3 2 1 13 0 3 0 3
1250 93 15 60 0 13 0 5 2 1 2 26 0 2 0 2
1250 92 13 60 0 12 2 5 3 2 1 14 0 2 1 2
1250 86 12 55 1 14 0 4 3 2 1 11 1 3 0 4
1250 97 14 66 0 14 0 3 2 1 1 14 0 3 0 2
1250 98 14 61 0 15 0 8 3 2 1 15 0 2 0 4
1250 93 10 65 1 11 0 6 3 1 1 24 1 2 0 3
1250 89 9 56 0 17 0 7 3 2 1 24 0 3 0 3
1250 97 9 61 0 15 4 8 9 2 1 16 0 4 3 4
1250 85 14 52 0 16 0 3 2 1 1 19 0 2 0 2
1250 82 12 51 0 13 0 6 3 1 1 13 0 3 0 2
1250 92 17 53 1 15 0 6 3 1 1 9 1 2 0 3
1250 90 11 59 1 13 0 6 3 1 1 15 1 2 0 2
1250 92 11 66 0 10 1 4 3 3 1 16 0 2 1 4
1250 89 12 63 0 11 0 3 2 1 2 17 0 3 0 1
1250 94 12 58 0 19 1 4 3 1 1 17 0 2 1 3
1250 94 13 53 0 19 1 8 3 2 1 11 0 3 1 3
1350 97 20 53 0 20 0 4 3 1 1 19 0 2 0 2
1350 105 16 68 0 15 0 6 3 1 1 17 0 3 0 3
1350 141 9 66 0 13 0 53 50 24 1 16 0 2 0 50
1350 93 14 50 2 20 2 5 3 1 1 8 1 4 1 2
1350 89 12 61 0 11 0 5 3 1 1 8 0 1 0 2
1350 94 15 58 0 14 1 6 4 2 2 25 0 2 1 4
1350 85 13 59 0 11 0 2 2 1 1 18 0 2 0 2
1350 108 12 72 0 19 2 3 3 2 1 25 0 2 1 2
1350 87 12 56 0 15 0 4 2 1 1 15 0 3 0 2
1350 103 13 66 0 18 0 6 3 2 1 21 0 2 0 3
1350 95 15 61 0 11 1 7 4 2 2 13 0 2 1 2
1350 87 13 50 0 17 1 6 3 1 1 14 0 4 1 3
1350 86 11 61 1 8 0 5 2 2 1 22 1 1 0 3
1350 91 11 60 0 13 1 6 4 2 1 20 0 2 1 3
1350 91 9 58 0 17 0 7 5 3 1 16 0 3 0 5
1350 93 15 61 0 16 0 1 1 1 1 21 0 3 0 1
1350 90 10 56 0 16 1 7 4 1 2 11 0 3 1 3
1350 97 8 63 0 21 0 5 2 1 1 13 0 4 0 3
1350 91 11 61 0 13 1 5 3 2 1 25 0 2 1 3
1350 104 19 61 0 14 1 9 4 1 2 15 0 2 1 4
1350 94 11 56 0 18 1 8 5 2 1 22 0 4 1 5
1350 108 19 71 0 13 1 4 3 1 1 17 0 2 1 2
1350 100 17 61 0 13 2 7 3 1 2 11 0 2 1 3
1350 101 12 73 0 11 1 4 3 2 1 24 0 3 1 3
1350 102 15 66 0 15 1 5 3 1 1 25 0 3 1 2
1350 92 13 54 0 17 2 6 5 1 1 12 0 3 1 3
1350 93 10 64 0 14 0 5 2 2 1 16 0 2 0 2
1350 88 14 62 0 9 1 2 2 1 2 20 0 2 1 2
1350 102 12 70 0 14 1 5 3 1 1 17 0 4 1 2
1350 94 14 65 0 10 0 5 3 1 1 21 0 2 0 2
1350 94 16 59 1 12 2 4 3 2 1 16 1 2 2 2
1350 85 14 54 0 11 0 6 3 1 1 23 0 2 0 2
1350 97 16 62 1 13 0 5 3 2 1 10 1 2 0 4
1350 99 16 57 0 15 3 8 4 2 1 15 0 3 1 3
1350 97 15 64 0 16 0 2 1 1 1 10 0 2 0 2
1350 103 15 66 1 14 1 6 4 2 1 23 1 4 1 3
1350 110 15 67 0 19 3 6 5 1 1 12 0 2 3 3
1350 105 15 71 0 12 1 6 4 1 1 25 0 2 1 2
1350 92 11 58 0 17 0 6 3 2 1 20 0 4 0 4
1350 99 14 68 0 10 2 5 3 1 1 15 0 3 1 3
1350 93 15 59 0 14 0 5 2 2 1 28 0 2 0 4
1350 96 13 64 0 16 0 3 2 2 1 16 0 2 0 2
1350 100 12 66 0 15 0 7 4 2 1 30 0 3 0 3
1350 99 13 66 0 14 0 6 3 2 1 30 0 3 0 3
1350 97 12 65 0 15 1 4 2 1 1 16 0 3 1 2
1350 99 15 68 1 12 1 2 2 1 1 18 1 2 1 2
1350 104 16 66 0 14 2 6 3 2 1 13 0 3 1 4
1350 87 10 57 2 14 1 3 2 1 1 19 1 3 1 1
1350 97 15 67 0 9 1 5 3 1 1 18 0 2 1 3
1350 95 9 66 0 16 0 4 2 1 1 25 0 2 0 2
1450 106 15 72 0 13 1 5 3 2 1 12 0 4 1 4
1450 105 11 76 0 13 1 4 2 1 1 28 0 3 1 3
1450 116 13 77 0 16 0 10 6 2 1 14 0 3 0 5
1450 110 17 74 0 14 1 4 2 2 2 15 0 3 1 2
1450 108 16 72 0 14 0 6 3 1 1 16 0 3 0 2
1450 95 11 64 1 11 0 8 4 1 1 14 1 2 0 3
1450 104 14 69 0 16 0 5 2 2 1 17 0 2 0 2
1450 108 14 73 0 12 2 7 4 2 1 17 0 2 1 4
1450 107 15 68 1 17 0 6 3 2 1 19 1 2 0 3
1450 109 15 68 1 14 0 11 4 2 1 21 1 2 0 5
1450 110 14 75 0 14 1 6 4 2 1 18 0 2 1 4
1450 100 16 61 0 14 1 8 3 2 1 12 0 2 1 3
1450 105 12 63 0 19 1 10 5 2 1 20 0 2 1 4
1450 95 11 69 0 10 0 5 3 1 1 11 0 2 0 2
1450 101 13 70 2 11 1 4 2 1 1 13 2 2 1 3
1450 110 19 65 0 16 0 10 4 2 1 23 0 3 0 3
1450 112 10 76 0 20 2 4 3 1 1 21 0 2 2 1
1450 102 9 68 0 18 1 6 4 2 1 19 0 2 1 4
1450 108 13 69 0 19 1 6 3 1 1 19 0 2 1 2
1450 97 17 56 0 16 2 6 5 1 2 19 0 3 2 2
1450 105 16 70 0 13 0 6 3 2 1 19 0 2 0 3
1450 109 13 74 0 13 3 6 6 2 1 21 0 2 1 4
1450 101 16 59 0 17 0 9 4 2 2 12 0 2 0 5
1450 98 15 66 0 13 1 3 2 1 1 17 0 1 1 2
1450 105 14 62 0 20 0 9 6 2 1 14 0 4 0 5
1450 115 12 74 0 22 0 7 3 1 1 16 0 2 0 3
1450 101 17 61 0 16 0 7 4 2 1 29 0 2 0 4
1450 113 15 66 1 17 1 13 7 2 2 26 1 3 1 7
1450 99 11 68 0 17 0 3 2 1 1 19 0 2 0 1
1450 99 14 68 0 13 0 4 2 1 1 21 0 2 0 2
1450 99 14 67 0 15 1 2 2 1 1 9 0 2 1 2
1450 104 11 68 0 17 0 8 5 2 1 19 0 2 0 4
1450 98 11 65 1 17 0 4 3 1 1 7 1 3 0 3
1450 102 16 68 0 14 1 3 2 1 1 24 0 2 1 2
1450 104 16 63 0 19 0 6 3 1 1 17 0 3 0 2
1450 105 18 62 0 20 0 5 3 1 1 33 0 3 0 2
1450 107 15 68 0 20 0 4 2 2 1 11 0 2 0 2
1450 101 15 62 0 19 0 5 2 1 1 20 0 3 0 4
1450 106 14 73 1 15 0 3 2 1 1 14 1 2 0 1
1450 111 14 68 0 15 2 12 6 3 1 22 0 3 2 5
1450 106 17 69 0 16 0 4 2 1 1 18 0 2 0 1
1450 99 9 60 0 19 2 9 5 2 1 10 0 3 1 4
1450 97 16 61 0 18 0 2 1 1 1 19 0 3 0 2
1450 102 10 72 0 14 1 5 3 1 2 19 0 3 1 2
1450 120 20 71 0 20 1 8 3 1 2 24 0 4 1 3
1450 105 14 70 1 16 1 3 2 1 1 29 1 2 1 2
1450 98 12 62 0 18 0 6 3 1 1 15 0 2 0 2
1450 100 15 67 1 13 0 4 3 1 1 30 1 2 0 2
1450 111 21 68 0 15 1 6 3 1 1 20 0 3 1 2
1450 105 15 68 0 19 0 3 2 1 1 17 0 2 0 1
1550 109 14 73 0 15 0 7 4 1 1 17 0 2 0 2
1550 114 16 75 0 15 1 7 3 2 1 24 0 2 1 3
1550 113 15 74 0 18 1 5 3 1 1 25 0 2 1 2
1550 127 20 85 0 15 0 7 3 1 1 18 0 2 0 3
1550 119 14 74 0 18 1 12 6 2 2 15 0 2 1 4
1550 105 13 71 0 14 1 6 4 1 1 15 0 3 1 2
1550 109 18 68 0 15 1 7 5 1 1 19 0 2 1 3
1550 111 11 77 1 15 3 4 4 1 1 16 1 2 1 2
1550 105 18 62 0 20 0 5 2 1 1 18 0 3 0 2
1550 109 18 71 0 16 0 4 2 1 1 16 0 3 0 2
1550 112 19 73 0 13 0 7 3 1 1 15 0 2 0 2
1550 106 11 69 1 17 2 6 5 2 1 13 1 3 1 4
1550 109 15 75 0 15 0 4 2 1 1 13 0 2 0 2
1550 108 10 75 0 18 0 5 2 1 1 20 0 3 0 2
1550 117 19 74 0 15 2 7 3 2 1 17 0 3 1 2
1550 114 11 78 0 19 0 6 3 1 1 26 0 3 0 3
1550 105 16 73 0 13 0 3 2 1 1 21 0 2 0 2
1550 117 14 77 0 20 0 6 3 2 1 9 0 3 0 4
1550 117 8 85 0 17 1 6 4 2 1 30 0 2 1 3
1550 119 13 74 0 21 1 10 5 2 1 17 0 3 1 4
1550 105 15 73 1 13 0 3 2 1 1 23 1 2 0 2
1550 114 15 70 1 18 0 10 6 2 1 15 1 3 0 4
1550 103 17 64 0 16 0 6 3 2 1 15 0 2 0 2
1550 119 22 76 1 15 0 5 3 2 1 23 1 2 0 3
1550 105 17 65 0 14 0 9 3 3 1 28 0 2 0 5
1550 107 15 66 0 21 0 5 4 1 1 17 0 2 0 3
1550 110 15 70 0 19 1 5 3 2 1 19 0 2 1 3
1550 121 19 72 0 17 3 10 6 1 1 16 0 2 1 5
1550 114 13 82 0 12 1 6 4 2 1 25 0 2 1 3
1550 113 15 78 0 16 0 4 2 2 1 27 0 3 0 2
1550 110 11 77 0 17 2 3 3 1 1 16 0 3 1 2
1550 121 11 81 0 19 2 8 5 2 1 17 0 3 2 3
1550 114 20 66 0 20 1 7 5 2 1 17 0 3 1 4
1550 106 14 71 1 16 0 4 3 1 1 22 1 2 0 3
1550 112 15 71 0 18 1 7 3 1 1 18 0 2 1 2
1550 106 12 77 0 13 0 4 2 1 1 17 0 2 0 2
1550 110 12 75 0 13 0 10 7 2 1 16 0 2 0 6
1550 106 18 71 0 16 0 1 1 1 1 13 0 2 0 1
1550 108 17 71 0 15 1 4 4 1 1 34 0 2 1 2
1550 116 15 74 0 18 1 8 5 2 1 21 0 2 1 4
1550 115 18 79 0 13 0 5 2 1 1 23 0 2 0 4
1550 118 12 76 1 20 2 7 4 2 1 18 1 2 2 4
1550 103 15 64 0 19 1 4 2 1 1 13 0 3 1 2
1550 103 16 65 0 16 1 5 3 1 1 9 0 3 1 2
1550 117 14 70 0 21 1 11 8 2 1 28 0 3 1 5
1550 113 13 80 0 16 0 4 3 1 1 18 0 3 0 2
1550 119 17 74 1 17 1 9 5 2 1 16 1 4 1 3
1550 107 9 77 0 13 0 8 3 1 1 22 0 2 0 4
1550 115 9 79 0 18 4 5 5 1 1 14 0 4 3 3
1550 102 12 69 0 15 0 6 3 2 1 14 0 2 0 4
1650 123 14 86 0 17 0 6 3 1 1 23 0 2 0 2
1650 101 8 71 0 18 1 3 3 1 1 18 0 4 1 2
1650 117 13 76 0 19 1 8 5 2 1 22 0 2 1 4
1650 123 14 87 0 13 0 9 4 1 1 25 0 2 0 3
1650 120 18 71 0 20 0 11 5 2 1 17 0 2 0 4
1650 114 15 76 0 18 0 5 3 1 1 19 0 3 0 3
1650 105 9 76 0 14 0 6 3 1 1 14 0 3 0 3
1650 114 11 76 0 18 1 8 4 2 1 18 0 4 1 3
1650 124 13 82 0 21 0 8 4 2 1 22 0 3 0 4
1650 118 15 78 0 18 0 7 4 2 1 18 0 3 0 4
1650 122 19 71 0 22 0 10 4 3 1 33 0 3 0 6
1650 128 21 77 2 19 0 9 4 2 1 26 2 2 0 6
1650 112 20 66 0 19 2 5 3 2 1 24 0 2 2 3
1650 112 14 73 0 18 1 6 3 2 1 19 0 3 1 4
1650 106 20 64 0 18 0 4 3 1 1 20 0 3 0 2
1650 120 15 84 0 14 0 7 3 2 1 26 0 2 0 2
1650 108 13 74 0 17 0 4 2 1 1 14 0 2 0 2
1650 122 21 72 0 18 2 9 4 2 2 22 0 3 1 3
1650 126 17 78 0 22 0 9 3 2 1 25 0 2 0 3
1650 119 13 85 0 17 0 4 2 1 1 31 0 2 0 3
1650 117 14 71 0 22 0 10 4 2 1 17 0 3 0 4
1650 121 17 80 0 18 1 5 3 1 1 31 0 1 1 3
1650 120 20 73 1 20 0 6 3 1 1 19 1 2 0 2
1650 117 16 69 0 24 1 7 3 2 1 13 0 3 1 5
1650 118 18 73 0 23 0 4 2 2 1 13 0 3 0 2
1650 122 23 69 0 26 0 4 2 1 1 23 0 4 0 2
1650 116 17 75 0 19 0 5 3 1 1 37 0 1 0 4
1650 113 14 74 3 11 0 11 5 1 1 16 1 2 0 4
1650 117 16 76 0 16 1 8 4 2 1 16 0 2 1 3
1650 135 19 80 1 17 0 18 9 3 1 22 1 3 0 9
1650 110 15 74 0 14 1 6 4 2 1 22 0 2 1 4
1650 126 12 83 0 24 1 6 3 2 1 20 0 2 1 5
1650 113 11 75 0 19 2 6 4 1 1 19 0 3 1 3
1650 112 10 76 0 19 0 7 3 1 1 22 0 3 0 3
1650 119 22 73 0 15 0 9 4 2 1 21 0 2 0 4
1650 115 25 67 0 18 1 4 3 1 1 22 0 3 1 3
1650 113 17 69 1 21 0 5 3 1 1 31 1 3 0 2
1650 121 17 82 0 16 3 3 3 1 2 17 0 2 1 2
1650 113 10 81 0 16 0 6 3 1 1 17 0 2 0 2
1650 122 23 79 0 15 1 4 3 1 1 15 0 2 1 2
1650 128 14 87 1 18 1 7 4 2 1 16 1 2 1 3
1650 106 13 71 0 18 1 3 3 1 1 13 0 3 1 2
1650 116 15 74 0 17 2 8 4 2 1 31 0 3 1 3
1650 108 16 71 0 15 0 6 3 2 1 13 0 3 0 3
1650 119 19 70 0 22 0 8 3 1 2 19 0 3 0 2
1650 121 20 76 0 18 1 6 3 2 1 27 0 2 1 5
1650 129 24 78 0 17 2 8 4 1 2 18 0 2 1 3
1650 110 14 73 0 14 2 7 5 3 1 16 0 3 2 5
1650 118 15 82 0 16 1 4 2 1 1 17 0 2 1 2
1650 116 15 76 0 16 1 8 6 2 1 14 0 3 1 6
1750 125 12 86 0 22 0 5 2 1 1 23 0 2 0 2
1750 128 19 85 0 14 3 7 5 1 2 17 0 2 3 3
1750 129 8 87 0 20 1 13 6 3 1 15 0 3 1 8
1750 123 20 75 0 18 1 9 5 2 1 16 0 2 1 3
1750 114 13 79 0 18 0 4 3 1 1 22 0 3 0 2
1750 118 13 77 0 21 1 6 3 1 1 27 0 2 1 3
1750 112 17 67 0 17 1 10 5 2 1 12 0 3 1 4
1750 132 21 84 1 16 2 8 4 2 2 15 1 3 1 3
1750 115 10 73 0 25 1 6 3 1 1 12 0 3 1 3
1750 139 21 84 0 22 2 10 4 2 1 19 0 2 1 4
1750 127 17 84 0 14 1 11 5 3 1 34 0 3 1 4
1750 125 15 82 0 20 1 7 3 1 1 19 0 3 1 2
1750 132 28 76 0 19 4 5 4 1 1 15 0 3 1 3
1750 129 19 90 0 16 1 3 2 1 1 20 0 2 1 1
1750 120 19 79 0 17 0 5 4 1 1 20 0 2 0 4
1750 122 15 86 0 15 0 6 3 1 1 15 0 2 0 3
1750 130 23 82 0 19 0 6 3 2 1 25 0 2 0 4
1750 131 20 83 0 21 1 6 4 3 1 30 0 2 1 5
1750 121 11 81 0 22 0 7 4 2 1 14 0 5 0 2
1750 139 17 98 0 20 1 3 2 1 1 25 0 2 1 1
1750 126 21 79 0 19 0 7 3 2 1 19 0 2 0 4
1750 118 15 78 0 20 0 5 2 1 1 22 0 2 0 2
1750 139 26 84 1 17 3 8 5 3 2 26 1 3 2 4
1750 110 14 77 1 13 1 4 2 1 1 17 1 2 1 3
1750 131 15 86 0 23 0 7 4 2 1 19 0 3 0 3
1750 129 13 78 0 24 2 12 5 2 1 16 0 4 1 4
1750 121 12 79 0 24 0 6 3 2 1 15 0 3 0 3
1750 129 17 82 0 21 0 9 4 2 1 34 0 2 0 4
1750 125 16 81 0 19 1 8 5 2 1 23 0 3 1 3
1750 118 21 74 0 18 0 5 3 2 1 19 0 2 0 3
1750 130 17 84 0 23 1 5 3 1 1 24 0 4 1 3
1750 112 11 81 0 15 0 5 3 1 1 26 0 2 0 2
1750 120 14 81 0 19 0 6 3 1 1 14 0 2 0 2
1750 124 18 81 0 18 2 5 4 2 1 24 0 2 1 3
1750 130 18 90 0 18 1 3 2 2 1 24 0 2 1 2
1750 133 17 92 0 15 2 7 4 1 2 16 0 2 1 3
1750 135 19 84 2 22 0 8 4 1 1 21 1 3 0 3
1750 122 14 87 0 17 0 4 2 2 1 24 0 2 0 3
1750 134 19 89 0 17 1 8 4 2 2 20 0 2 1 3
1750 123 19 72 0 25 0 7 4 1 1 22 0 2 0 3
1750 119 21 75 0 20 0 3 2 1 1 32 0 2 0 1
1750 129 20 81 0 19 2 7 4 1 1 24 0 2 1 3
1750 123 13 86 0 18 2 4 3 1 2 28 0 2 1 2
1750 116 10 83 0 19 1 3 2 2 1 15 0 3 1 2
1750 113 17 79 0 13 0 4 3 1 1 24 0 1 0 2
1750 118 13 82 0 18 0 5 2 1 1 22 0 2 0 3
1750 136 20 89 0 20 0 7 3 1 1 27 0 2 0 3
1750 128 17 85 0 20 2 4 3 1 1 22 0 2 2 3
1750 127 16 92 0 12 4 3 4 3 2 24 0 2 4 2
1750 121 16 78 0 20 1 6 4 2 1 21 0 3 1 3
1850 137 19 90 0 20 1 7 4 1 1 25 0 2 1 2
1850 134 17 89 0 23 0 5 2 2 1 18 0 2 0 2
1850 124 19 80 0 16 2 7 4 2 1 27 0 2 1 4
1850 142 18 95 0 20 0 9 3 3 1 10 0 3 0 5
1850 147 19 99 0 20 1 8 5 2 2 22 0 2 1 3
1850 136 21 80 0 25 1 9 4 2 1 27 0 3 1 3
1850 138 18 95 1 16 2 6 4 2 1 26 1 3 1 3
1850 135 23 88 0 17 1 6 4 2 1 14 0 2 1 3
1850 129 17 85 0 19 1 7 4 2 1 20 0 2 1 4
1850 127 21 78 0 22 1 5 3 1 2 16 0 2 1 3
1850 136 17 95 1 13 0 10 4 2 1 36 1 3 0 4
1850 130 19 84 0 20 0 7 4 2 1 25 0 2 0 3
1850 131 18 88 0 18 1 6 4 2 1 22 0 3 1 4
1850 131 22 85 0 19 1 4 4 1 1 14 0 3 1 3
1850 122 19 83 0 14 0 6 3 2 1 11 0 2 0 5
1850 128 23 75 0 24 2 4 3 1 1 14 0 3 1 1
1850 137 15 101 0 14 0 7 4 1 1 28 0 3 0 3
1850 131 12 94 1 15 1 8 4 2 1 27 1 2 1 4
1850 136 22 84 0 21 0 9 5 2 1 15 0 3 0 3
1850 130 16 79 0 22 1 12 7 2 1 16 0 3 1 4
1850 126 19 83 0 17 1 6 4 1 1 12 0 3 1 2
1850 132 15 89 0 21 1 6 4 2 1 26 0 2 1 4
1850 124 13 85 0 20 1 5 3 1 1 15 0 2 1 2
1850 143 15 99 0 22 0 7 4 2 1 18 0 3 0 4
1850 138 16 88 0 21 2 11 7 2 1 28 0 3 1 4
1850 132 19 88 0 22 0 3 2 1 1 17 0 3 0 1
1850 139 22 81 0 27 2 7 3 2 1 15 0 3 1 3
1850 115 10 79 0 17 1 8 4 1 1 15 0 2 1 3
1850 144 25 80 0 27 2 10 4 2 2 18 0 2 1 3
1850 143 19 87 0 22 0 15 7 2 1 18 0 3 0 7
1850 122 21 75 0 20 0 6 3 1 1 27 0 2 0 2
1850 133 16 86 0 23 0 8 5 2 1 23 0 3 0 4
1850 132 19 83 0 21 1 8 5 2 1 17 0 2 1 4
1850 146 27 91 0 24 0 4 2 1 1 26 0 2 0 1
1850 137 23 84 0 22 1 7 3 3 1 21 0 3 1 6
1850 127 24 70 1 21 1 10 6 2 1 18 1 3 1 4
1850 134 16 90 0 20 2 6 3 2 1 20 0 2 2 3
1850 136 23 87 0 19 0 7 4 1 1 18 0 2 0 3
1850 132 13 89 0 21 0 9 3 2 1 20 0 2 0 4
1850 126 19 82 0 16 0 9 6 1 1 26 0 2 0 4
1850 141 17 89 0 22 1 12 5 2 1 18 0 3 1 4
1850 125 15 84 0 18 2 6 4 2 1 21 0 3 1 6
1850 137 13 104 0 15 0 5 2 1 1 21 0 4 0 2
1850 138 15 95 0 19 2 7 3 1 1 20 0 2 1 2
1850 137 13 89 0 21 1 13 6 2 1 22 0 2 1 6
1850 140 13 96 0 18 0 13 6 2 1 26 0 2 0 5
1850 146 19 98 1 19 0 9 4 2 1 32 1 2 0 5
1850 129 19 87 0 17 0 6 3 1 2 31 0 3 0 3
1850 125 15 76 0 24 2 8 4 1 1 15 0 4 2 2
1850 132 17 87 0 16 0 12 6 2 2 24 0 3 0 5
1950 150 15 105 2 18 3 7 5 2 1 16 1 2 2 3
1950 153 27 89 2 23 0 12 6 3 1 18 1 2 0 7
1950 140 22 93 0 19 0 6 3 1 1 24 0 2 0 2
1950 140 16 93 0 23 1 7 3 2 2 17 0 2 1 3
1950 134 14 87 0 23 2 8 5 2 1 17 0 2 2 5
1950 141 14 102 0 19 1 5 3 1 1 28 0 2 1 1
1950 134 12 92 0 17 3 10 5 3 2 31 0 2 1 6
1950 144 22 93 1 19 2 7 3 2 1 19 1 3 1 5
1950 150 19 101 0 23 0 7 3 1 1 28 0 2 0 3
1950 142 22 86 0 27 1 6 4 1 1 14 0 2 1 2
1950 143 14 96 0 24 1 8 3 3 1 29 0 2 1 6
1950 135 20 86 1 18 3 7 4 1 1 16 1 3 1 3
1950 137 17 95 0 19 0 6 3 1 1 22 0 3 0 3
1950 142 18 91 0 24 1 8 4 2 1 32 0 4 1 4
1950 136 16 94 1 18 0 7 3 2 1 24 1 3 0 3
1950 136 19 84 0 22 2 9 6 1 1 11 0 3 1 3
1950 149 20 95 0 22 2 10 5 2 1 29 0 3 1 4
1950 149 16 103 0 20 0 10 4 3 1 23 0 3 0 7
1950 149 13 102 0 23 0 11 6 2 1 16 0 3 0 4
1950 150 20 91 2 23 3 11 6 4 2 16 2 3 1 8
1950 142 27 78 0 26 3 8 4 2 1 11 0 2 2 5
1950 204 17 106 0 17 0 64 54 28 1 31 0 2 0 60
1950 132 17 84 0 21 2 8 4 2 1 19 0 3 1 4
1950 133 13 89 0 23 2 6 5 2 2 11 0 2 1 4
1950 135 14 91 0 19 0 11 5 3 1 17 0 3 0 5
1950 128 17 85 0 17 1 8 6 2 1 20 0 2 1 4
1950 146 21 99 0 20 0 6 3 2 1 19 0 2 0 3
1950 144 12 95 0 27 0 10 7 2 1 23 0 2 0 6
1950 143 15 99 1 21 0 7 4 2 1 17 1 2 0 3
1950 135 16 89 0 18 1 11 5 2 1 20 0 2 1 4
1950 156 17 94 0 23 3 19 9 5 1 19 0 2 1 13
1950 150 21 95 0 22 2 10 6 2 1 27 0 3 1 3
1950 152 20 101 0 22 1 8 5 2 1 21 0 3 1 2
1950 145 15 96 0 21 0 13 6 3 1 26 0 4 0 5
1950 147 21 95 0 25 0 6 3 2 1 18 0 2 0 3
1950 133 12 101 0 15 1 4 2 1 1 13 0 2 1 1
1950 138 23 89 0 17 2 7 5 2 2 18 0 2 1 3
1950 144 22 83 0 29 2 8 4 2 1 10 0 3 1 4
1950 137 25 74 0 22 6 10 6 1 2 24 0 2 2 4
1950 140 20 97 0 18 1 4 2 2 1 29 0 2 1 2
1950 139 20 91 0 22 0 6 4 1 1 33 0 3 0 3
1950 140 21 87 0 23 0 9 3 2 1 25 0 3 0 4
1950 141 30 86 1 18 0 6 3 2 1 30 1 2 0 3
1950 141 22 94 0 17 0 8 5 2 1 28 0 3 0 4
1950 148 20 96 0 21 1 10 5 3 1 19 0 3 1 4
1950 139 13 100 0 20 2 4 3 2 1 23 0 2 1 3
1950 137 19 92 1 21 0 4 2 1 1 26 1 2 0 2
1950 144 16 92 0 25 1 10 5 2 1 17 0 4 1 4
1950 128 18 79 0 22 2 7 6 2 1 22 0 3 1 3
1950 139 20 94 0 16 0 9 6 2 1 31 0 1 0 5
2050 145 18 89 0 25 3 10 5 2 1 23 0 3 3 4
2050 145 14 98 0 24 0 9 3 2 1 26 0 3 0 5
2050 159 21 100 0 26 1 11 6 4 1 15 0 4 1 10
2050 149 24 96 0 23 0 6 3 1 1 25 0 2 0 2
2050 225 22 94 0 24 1 84 74 35 1 37 0 3 1 74
2050 145 19 91 2 21 0 12 5 2 1 24 2 3 0 5
2050 171 21 98 0 27 3 22 13 5 2 10 0 3 1 9
2050 154 13 106 0 22 1 12 6 2 1 23 0 3 1 5
2050 141 22 89 1 21 1 7 3 1 1 23 1 3 1 3
2050 153 18 104 0 22 0 9 4 2 2 17 0 4 0 3
2050 157 19 104 0 24 2 8 4 2 1 20 0 2 2 5
2050 140 18 93 1 18 0 10 6 3 1 30 1 2 0 6
2050 153 17 91 1 28 0 16 7 5 1 32 1 3 0 14
2050 140 25 93 0 15 1 6 3 1 1 15 0 3 1 3
2050 137 10 100 1 20 0 6 3 2 1 24 1 2 0 4
2050 137 20 91 0 22 0 4 2 1 1 24 0 2 0 2
2050 145 19 101 0 18 1 6 4 1 1 15 0 3 1 2
2050 140 23 86 0 23 0 8 3 2 1 16 0 2 0 3
2050 134 18 78 0 26 4 8 5 2 1 22 0 3 2 4
2050 152 25 92 0 24 0 11 5 2 1 25 0 2 0 4
2050 153 25 107 0 13 0 8 5 2 2 25 0 2 0 4
2050 140 15 90 0 28 1 6 4 1 1 20 0 2 1 3
2050 132 18 87 0 20 0 7 3 1 2 28 0 2 0 2
2050 144 20 90 0 23 2 9 5 2 1 23 0 3 1 4
2050 153 20 96 1 27 2 7 3 2 1 26 1 3 2 3
2050 148 23 94 1 25 0 5 2 1 1 13 1 2 0 1
2050 153 17 98 0 21 3 14 6 3 1 10 0 3 1 8
2050 140 15 102 0 20 1 2 2 1 1 13 0 2 1 1
2050 153 23 102 0 20 1 7 4 2 1 19 0 2 1 3
2050 132 19 87 0 18 3 5 3 2 1 11 0 2 2 4
2050 150 22 96 0 21 1 10 8 4 1 23 0 4 1 8
2050 156 18 100 0 27 1 10 5 2 1 12 0 3 1 4
2050 154 21 106 0 18 0 9 3 2 1 30 0 2 0 3
2050 136 19 90 0 22 0 5 2 2 1 18 0 4 0 2
2050 149 17 97 0 28 2 5 3 1 1 25 0 3 1 2
2050 140 26 83 0 22 1 8 4 1 1 19 0 2 1 3
2050 147 19 98 0 22 0 8 4 2 1 23 0 4 0 3
2050 144 22 97 1 15 2 7 3 2 1 16 1 4 1 3
2050 159 19 100 0 26 2 12 7 3 2 15 0 3 1 5
2050 143 19 94 1 20 0 9 5 2 1 26 1 2 0 4
2050 159 17 102 0 25 0 15 5 2 1 36 0 3 0 6
2050 137 24 91 0 15 1 6 3 2 2 28 0 3 1 4
2050 139 19 92 0 17 1 10 6 3 1 19 0 2 1 6
2050 151 21 99 0 21 1 9 4 2 1 33 0 2 1 5
2050 133 19 84 0 24 0 6 3 1 1 12 0 3 0 3
2050 152 21 94 0 22 1 14 9 3 1 21 0 3 1 6
2050 145 17 99 0 24 0 5 2 2 1 15 0 4 0 2
2050 145 23 98 0 17 2 5 4 2 1 19 0 4 1 3
2050 153 16 100 0 21 2 14 7 4 1 23 0 3 1 10
2050 144 21 91 0 24 0 8 5 2 1 22 0 2 0 4
2150 166 21 103 0 29 2 11 6 2 1 22 0 3 2 2
2150 173 23 104 0 29 3 14 7 4 1 26 0 4 2 7
2150 151 19 97 0 24 2 9 4 2 1 30 0 2 2 5
2150 145 19 94 0 25 1 6 3 2 1 20 0 3 1 4
2150 155 24 105 1 17 2 6 4 1 2 20 1 2 1 3
2150 155 26 99 0 24 1 5 3 1 1 13 0 2 1 2
2150 145 16 100 0 20 2 7 7 2 1 28 0 2 1 5
2150 163 18 106 1 27 1 10 4 1 1 31 1 4 1 3
2150 155 26 98 0 21 2 8 4 2 1 12 0 2 2 4
2150 150 26 90 0 26 1 7 5 2 1 20 0 3 1 7
2150 148 23 93 0 21 2 9 5 2 1 21 0 2 1 6
2150 150 20 98 0 25 0 7 4 2 1 17 0 3 0 4
2150 154 23 108 0 14 1 8 6 2 1 25 0 2 1 3
2150 160 24 106 0 22 0 8 5 2 1 28 0 3 0 3
2150 162 22 102 0 28 2 8 5 2 1 19 0 3 1 3
2150 157 24 90 0 28 1 14 5 4 1 13 0 4 1 10
2150 150 17 109 2 14 1 7 4 2 2 28 1 1 1 3
2150 152 18 103 0 22 1 8 4 2 1 23 0 3 1 3
2150 160 19 102 0 29 1 9 6 2 1 19 0 3 1 4
2150 163 23 103 0 24 1 12 5 2 1 22 0 4 1 4
2150 153 20 95 1 22 2 13 5 2 1 14 1 3 1 5
2150 159 25 101 0 24 0 9 5 2 1 26 0 3 0 4
2150 140 22 85 0 27 1 5 3 1 2 12 0 2 1 2
2150 160 20 111 0 20 1 8 4 2 1 19 0 2 1 5
2150 166 20 106 0 22 2 16 6 2 3 22 0 2 1 4
2150 165 22 112 0 23 0 8 4 1 1 21 0 2 0 3
2150 160 29 98 0 25 0 8 3 2 1 24 0 3 0 3
2150 159 18 103 2 26 1 9 5 2 1 14 1 2 1 3
2150 163 18 112 1 21 1 10 4 2 1 22 1 2 1 3
2150 150 19 96 0 29 1 5 3 1 1 17 0 3 1 2
2150 153 19 103 0 23 2 6 5 2 1 25 0 2 2 3
2150 147 19 102 0 21 1 4 2 1 1 21 0 2 1 2
2150 153 18 106 1 22 0 6 3 2 1 14 1 4 0 2
2150 154 23 96 0 28 0 7 4 2 1 23 0 4 0 2
2150 159 22 101 0 24 1 11 5 3 1 16 0 3 1 6
2150 154 16 102 0 23 2 11 4 2 1 11 0 3 1 4
2150 172 20 123 0 18 1 10 4 2 1 26 0 3 1 5
2150 144 28 87 0 23 0 6 3 1 1 24 0 3 0 2
2150 164 25 101 0 24 1 13 4 2 1 27 0 2 1 4
2150 152 24 100 0 19 1 8 4 2 1 15 0 3 1 3
2150 154 13 108 0 23 0 10 4 2 1 29 0 2 0 4
2150 159 29 95 1 27 0 7 3 2 1 19 1 3 0 4
2150 158 26 99 0 21 3 9 6 2 2 20 0 2 1 4
2150 146 21 95 0 23 0 7 4 2 1 13 0 2 0 4
2150 156 19 107 0 19 1 10 5 2 1 32 0 3 1 3
2150 157 28 94 0 24 0 11 4 3 1 15 0 4 0 4
2150 160 22 100 0 26 1 11 5 3 1 23 0 3 1 4
2150 147 20 98 0 23 1 5 3 1 1 18 0 2 1 2
2150 165 22 111 0 20 0 12 7 2 1 31 0 2 0 5
2150 147 19 99 0 23 1 5 3 2 1 14 0 3 1 3
2250 163 23 107 0 23 0 10 4 2 1 44 0 2 0 3
2250 168 22 110 0 25 0 11 5 3 1 27 0 3 0 5
2250 157 20 109 0 20 1 7 3 2 1 25 0 2 1 3
2250 166 30 100 1 23 1 11 5 3 1 36 1 3 1 6
2250 147 16 102 0 19 1 9 5 2 1 23 0 2 1 5
2250 162 13 115 0 26 1 7 3 1 1 17 0 3 1 3
2250 169 23 114 0 21 1 10 5 2 1 20 0 2 1 3
2250 167 27 108 1 24 0 7 3 2 1 25 1 3 0 4
2250 152 13 105 0 24 2 8 5 2 1 26 0 3 2 3
2250 167 21 111 0 25 3 7 4 2 1 28 0 2 1 5
2250 156 15 104 0 28 2 7 4 1 1 32 0 2 1 2
2250 145 17 97 0 22 0 9 3 1 1 36 0 4 0 2
2250 180 21 105 0 28 1 25 20 8 2 32 0 3 1 19
2250 163 24 101 0 26 1 11 5 2 2 24 0 3 1 4
2250 142 21 98 0 15 1 7 4 2 1 19 0 2 1 3
2250 153 29 90 1 24 1 8 3 2 1 25 1 3 1 4
2250 149 14 108 0 21 0 6 3 2 1 39 0 2 0 2
2250 168 18 110 0 29 2 9 5 2 1 21 0 5 1 3
