50 6 6 6
50 5 4 1
50 5 4 3
50 3 8 5
50 10 6 5
50 3 6 4
50 3 8 6
50 5 4 1
50 3 8 5
50 6 4 4
50 6 4 2
50 7 6 6
50 6 8 7
50 5 8 4
50 4 8 6
50 4 8 7
50 2 6 2
50 5 8 6
50 5 4 0
50 5 8 6
50 3 6 6
50 6 8 5
50 6 10 8
50 3 6 4
50 9 4 2
50 4 4 3
50 5 6 4
50 6 8 6
50 7 4 0
50 4 10 8
50 6 4 4
50 5 6 4
50 6 6 4
50 2 8 6
50 8 4 4
50 7 6 5
50 8 4 3
50 3 8 4
50 5 8 7
50 4 8 4
50 5 6 3
50 6 8 7
50 6 4 3
50 3 8 6
50 4 8 6
50 8 4 3
50 8 6 4
50 7 4 2
50 5 8 6
50 5 8 5
100 15 14 10
100 13 12 10
100 10 16 12
100 11 14 12
100 15 16 14
100 11 8 7
100 11 14 11
100 14 8 4
100 14 10 8
100 13 12 10
100 12 20 16
100 14 10 4
100 14 12 12
100 13 12 11
100 11 14 10
100 10 12 10
100 11 12 8
100 15 12 9
100 12 12 8
100 8 16 13
100 16 14 10
100 13 10 7
100 14 10 9
100 11 10 7
100 10 12 6
100 13 16 13
100 16 14 14
100 13 8 8
100 9 14 11
100 13 14 13
100 14 10 9
100 14 12 9
100 13 16 9
100 11 8 6
100 9 10 6
100 14 16 14
100 10 12 11
100 14 12 10
100 16 14 12
100 10 12 8
100 10 12 9
100 15 14 12
100 12 10 9
100 10 10 5
100 12 14 11
100 11 16 12
100 12 10 8
100 10 12 9
100 11 12 10
100 12 12 10
200 27 28 24
200 20 32 21
200 24 22 18
200 29 26 24
200 23 26 19
200 19 28 23
200 18 28 21
200 20 30 18
200 22 24 14
200 18 28 21
200 27 22 16
200 16 24 20
200 27 24 19
200 21 32 28
200 20 22 18
200 27 26 19
200 21 26 21
200 28 24 17
200 27 22 15
200 19 26 21
200 28 26 22
200 26 24 23
200 14 32 25
200 21 26 17
200 20 30 22
200 25 16 10
200 29 26 23
200 18 34 30
200 20 28 22
200 24 26 21
200 21 26 20
200 27 30 23
200 24 26 21
200 26 24 16
200 24 30 25
200 28 22 18
200 24 30 23
200 22 26 21
200 25 20 11
200 22 22 16
200 28 24 20
200 24 26 19
200 26 28 24
200 29 28 23
200 20 24 21
200 25 24 18
200 22 26 18
200 18 30 24
200 19 32 23
200 24 36 32
400 51 50 35
400 44 46 34
400 50 60 52
400 38 52 41
400 53 50 45
400 39 50 37
400 42 50 39
400 46 58 41
400 37 56 44
400 53 48 37
400 48 46 28
400 46 56 40
400 46 56 47
400 45 52 39
400 45 48 36
400 35 58 36
400 46 58 44
400 47 44 33
400 46 58 49
400 43 48 36
400 46 60 51
400 39 58 45
400 45 46 34
400 38 54 43
400 44 58 48
400 43 54 40
400 53 56 48
400 42 44 31
400 53 42 38
400 39 56 47
400 43 62 47
400 48 52 40
400 53 54 43
400 43 58 50
400 41 50 33
400 45 50 43
400 41 60 49
400 37 62 41
400 52 56 46
400 47 56 44
400 52 46 38
400 58 50 41
400 53 48 30
400 40 52 38
400 47 54 42
400 44 56 39
400 47 42 31
400 47 48 39
400 41 54 43
400 50 50 38
800 96 102 79
800 93 104 89
800 82 128 107
800 85 100 72
800 96 104 84
800 82 110 84
800 84 102 71
800 90 116 95
800 81 110 85
800 98 92 66
800 86 114 93
800 81 112 87
800 81 114 85
800 106 116 94
800 100 100 76
800 95 122 99
800 90 118 89
800 86 104 74
800 89 102 81
800 102 104 82
800 97 108 86
800 95 106 88
800 89 92 74
800 110 102 85
800 96 106 86
800 96 112 91
800 98 108 90
800 87 122 91
800 100 104 84
800 90 104 82
800 79 112 90
800 108 108 87
800 89 102 82
800 102 110 92
800 100 104 81
800 87 108 79
800 95 102 87
800 89 98 81
800 86 98 73
800 84 110 83
800 90 106 74
800 98 124 104
800 98 118 98
800 84 110 85
800 83 102 76
800 102 94 72
800 93 106 82
800 95 98 77
800 96 122 101
800 87 108 79
1600 181 214 174
1600 197 218 175
1600 176 206 159
1600 173 208 165
1600 185 208 155
1600 188 214 167
1600 172 208 165
1600 179 224 174
1600 191 184 143
1600 194 198 138
1600 200 202 159
1600 181 230 176
1600 202 210 175
1600 212 202 165
1600 181 220 157
1600 198 220 177
1600 188 210 169
1600 182 216 170
1600 180 230 164
1600 184 216 173
1600 174 210 159
1600 178 210 161
1600 168 222 167
1600 170 228 170
1600 161 218 174
1600 212 216 182
1600 175 212 162
1600 169 232 172
1600 178 224 183
1600 171 206 156
1600 176 224 174
1600 170 218 163
1600 170 206 155
1600 178 220 168
1600 185 202 158
1600 192 212 164
1600 169 228 185
1600 183 204 160
1600 182 222 172
1600 186 206 160
1600 194 230 182
1600 193 200 150
1600 158 246 196
1600 205 224 186
1600 199 218 176
1600 167 232 182
1600 180 242 194
1600 183 218 173
1600 171 234 186
1600 181 202 148
3200 367 422 327
3200 359 412 313
3200 358 414 317
3200 376 400 310
3200 341 438 338
3200 342 440 341
3200 368 452 355
3200 369 444 347
3200 375 430 342
3200 363 404 311
3200 340 428 333
3200 352 416 322
3200 368 448 346
3200 338 444 345
3200 325 442 327
3200 341 426 327
3200 376 402 307
3200 404 424 337
3200 378 412 329
3200 376 434 344
3200 346 458 370
3200 322 454 348
3200 388 406 314
3200 373 420 333
3200 368 410 310
3200 345 420 325
3200 373 422 334
3200 361 420 335
3200 345 456 363
3200 388 420 322
3200 345 440 337
3200 376 452 359
3200 366 440 346
3200 377 410 301
3200 399 420 333
3200 351 440 342
3200 369 442 341
3200 387 430 339
3200 386 406 316
3200 361 446 349
3200 354 424 318
3200 375 428 333
3200 350 446 334
3200 389 432 344
3200 388 432 351
3200 368 428 328
3200 360 428 333
3200 354 450 346
3200 364 442 344
3200 368 402 321
6400 731 840 639
6400 741 862 680
6400 737 876 671
6400 730 844 653
6400 741 860 679
6400 737 854 677
6400 706 874 678
6400 775 860 685
6400 742 840 651
6400 733 870 669
6400 714 872 669
6400 689 880 682
6400 735 892 710
6400 709 838 646
6400 775 878 699
6400 743 870 693
6400 715 884 700
6400 720 882 703
6400 747 858 664
6400 738 844 666
6400 714 872 692
6400 724 886 683
6400 726 868 690
6400 718 860 674
6400 726 850 660
6400 727 896 699
6400 725 856 679
6400 722 886 688
6400 729 872 687
6400 720 872 666
6400 726 848 639
6400 748 868 667
6400 728 860 676
6400 699 892 700
6400 676 944 732
6400 772 848 662
6400 739 844 653
6400 710 870 668
6400 742 844 668
6400 752 866 674
6400 727 868 667
6400 717 838 650
6400 747 836 646
6400 736 826 654
6400 732 842 672
6400 728 854 665
6400 697 902 716
6400 721 836 642
6400 718 848 666
6400 716 848 666
