50 7 8 8
50 3 8 7
50 6 4 4
50 6 6 5
50 5 6 6
50 5 6 4
50 4 8 6
50 8 6 4
50 5 8 6
50 4 6 4
50 2 6 3
50 7 4 4
50 6 8 7
50 7 4 4
50 5 4 3
50 8 10 9
50 5 4 4
50 6 4 3
50 6 6 4
50 3 10 7
50 8 4 4
50 6 8 6
50 5 4 0
50 7 6 5
50 5 6 5
50 5 6 6
50 5 10 8
50 8 0 0
50 6 6 6
50 5 6 5
50 6 2 2
50 7 8 7
50 8 6 5
50 7 6 6
50 9 4 4
50 4 6 3
50 3 6 4
50 4 6 4
50 8 6 6
50 8 4 2
50 4 6 4
50 11 2 2
50 4 4 2
50 5 8 5
50 6 6 4
50 8 6 5
50 3 6 3
50 5 8 7
50 8 4 2
50 4 6 4
100 10 18 15
100 8 14 12
100 13 16 16
100 7 16 10
100 12 12 8
100 9 12 8
100 14 16 13
100 14 8 5
100 12 12 11
100 9 12 7
100 10 18 16
100 10 14 10
100 9 12 6
100 15 12 11
100 13 14 13
100 12 8 7
100 15 10 8
100 10 10 8
100 11 18 15
100 11 12 7
100 11 10 7
100 10 12 8
100 15 12 8
100 12 12 11
100 13 8 5
100 9 18 13
100 14 14 13
100 14 10 8
100 9 8 3
100 13 18 14
100 9 16 10
100 11 14 10
100 13 16 11
100 11 12 8
100 11 16 12
100 11 14 11
100 9 16 10
100 10 14 11
100 10 14 10
100 11 14 8
100 14 10 9
100 11 10 7
100 9 16 13
100 9 12 7
100 9 12 9
100 13 14 9
100 16 12 10
100 3 16 11
100 9 12 9
100 13 12 10
200 21 26 21
200 30 24 22
200 21 24 19
200 25 34 29
200 24 26 21
200 26 28 26
200 16 32 27
200 20 22 16
200 17 36 29
200 17 32 27
200 24 24 20
200 20 28 18
200 25 26 23
200 28 26 22
200 24 30 28
200 26 26 19
200 27 18 13
200 22 22 14
200 26 26 19
200 24 20 17
200 20 34 27
200 18 30 23
200 14 30 20
200 18 24 17
200 21 22 14
200 20 30 20
200 21 26 19
200 14 32 26
200 32 22 15
200 28 24 20
200 21 26 18
200 24 28 22
200 30 24 20
200 23 26 19
200 19 30 27
200 23 24 16
200 21 30 24
200 22 20 14
200 21 22 16
200 19 26 15
200 29 26 20
200 22 26 22
200 30 28 20
200 23 22 12
200 23 30 21
200 25 26 22
200 20 28 21
200 24 34 29
200 28 22 17
200 22 24 20
400 57 50 42
400 50 44 33
400 45 54 36
400 44 56 40
400 53 50 38
400 47 52 40
400 48 56 45
400 49 52 42
400 52 48 39
400 49 56 47
400 54 52 38
400 39 60 49
400 50 52 42
400 50 50 38
400 35 60 50
400 47 52 39
400 58 48 44
400 42 54 41
400 47 52 38
400 50 50 35
400 47 48 36
400 45 58 42
400 40 60 46
400 57 54 39
400 44 62 49
400 42 52 42
400 47 62 55
400 44 54 47
400 54 48 37
400 58 46 38
400 49 50 35
400 42 68 56
400 44 54 41
400 50 48 38
400 52 52 46
400 45 48 35
400 47 50 41
400 51 46 35
400 44 46 37
400 50 52 42
400 52 52 42
400 53 42 33
400 44 50 37
400 41 50 35
400 47 56 46
400 46 46 37
400 49 64 51
400 44 58 44
400 47 52 42
400 43 56 41
800 82 122 96
800 99 104 84
800 91 110 90
800 75 106 85
800 80 98 73
800 98 108 89
800 92 124 97
800 84 106 82
800 93 102 75
800 100 100 86
800 93 94 74
800 92 114 86
800 88 120 90
800 97 102 81
800 82 110 80
800 99 98 73
800 99 110 89
800 105 110 91
800 88 94 71
800 85 104 74
800 89 104 76
800 104 110 87
800 82 124 102
800 88 112 89
800 107 102 77
800 103 106 88
800 99 102 82
800 94 118 88
800 90 120 88
800 93 92 66
800 97 96 69
800 95 106 82
800 86 116 89
800 76 120 92
800 89 92 65
800 87 120 96
800 90 110 84
800 99 104 81
800 97 100 84
800 101 112 94
800 95 86 67
800 95 102 80
800 93 112 93
800 86 106 80
800 91 106 76
800 101 86 73
800 97 98 76
800 91 104 78
800 92 110 88
800 105 104 80
1600 184 206 158
1600 184 212 164
1600 192 230 179
1600 176 220 170
1600 192 204 156
1600 210 204 163
1600 181 224 185
1600 187 214 170
1600 181 218 170
1600 168 202 142
1600 180 218 173
1600 189 214 168
1600 176 220 169
1600 170 230 179
1600 179 220 178
1600 178 202 160
1600 196 188 143
1600 192 216 166
1600 175 220 165
1600 164 228 178
1600 195 212 162
1600 199 224 184
1600 187 200 162
1600 171 220 173
1600 192 206 158
1600 180 222 168
1600 186 198 162
1600 183 192 156
1600 208 212 166
1600 190 222 180
1600 171 206 155
1600 164 232 183
1600 180 208 160
1600 180 230 186
1600 181 222 166
1600 183 208 172
1600 175 210 151
1600 189 202 167
1600 185 218 168
1600 187 210 162
1600 170 220 158
1600 172 228 175
1600 169 222 172
1600 173 206 152
1600 170 216 160
1600 178 216 168
1600 185 236 198
1600 177 234 185
1600 192 210 163
1600 168 228 175
3200 369 444 351
3200 339 428 323
3200 366 448 347
3200 349 434 327
3200 376 410 325
3200 379 406 316
3200 357 450 352
3200 385 410 334
3200 368 410 313
3200 350 436 330
3200 358 416 322
3200 379 450 357
3200 346 444 336
3200 380 440 351
3200 378 444 359
3200 364 414 318
3200 351 436 329
3200 379 412 338
3200 379 412 325
3200 358 440 346
3200 350 474 386
3200 361 438 343
3200 376 438 351
3200 361 436 355
3200 379 452 355
3200 388 426 335
3200 356 436 339
3200 372 430 343
3200 374 424 328
3200 366 450 358
3200 335 450 341
3200 340 460 361
3200 356 426 340
3200 358 426 327
3200 374 412 313
3200 388 442 356
3200 361 428 328
3200 370 424 323
3200 364 384 287
3200 330 446 338
3200 355 438 339
3200 395 388 320
3200 354 444 347
3200 365 426 316
3200 356 394 289
3200 367 418 322
3200 333 474 359
3200 348 430 336
3200 378 434 334
3200 381 396 307
6400 761 876 707
6400 770 842 675
6400 728 868 672
6400 751 878 701
6400 697 882 686
6400 750 844 659
6400 732 906 718
6400 747 894 708
6400 712 904 713
6400 736 894 695
6400 708 878 679
6400 792 806 639
6400 701 864 661
6400 722 902 721
6400 731 854 675
6400 746 878 702
6400 747 844 663
6400 720 850 667
6400 738 866 673
6400 688 866 688
6400 726 868 661
6400 758 874 694
6400 717 852 668
6400 699 900 699
6400 722 896 702
6400 721 876 675
6400 712 858 673
6400 721 854 686
6400 742 844 647
6400 718 890 712
6400 675 876 670
6400 710 842 659
6400 731 878 702
6400 692 904 695
6400 739 886 693
6400 698 880 677
6400 708 880 695
6400 703 850 665
6400 736 898 721
6400 692 862 672
6400 729 850 665
6400 706 850 655
6400 692 886 679
6400 733 882 691
6400 741 888 707
6400 700 840 646
6400 710 854 645
6400 697 872 660
6400 710 876 693
6400 676 920 713
12800 1405 1756 1368
12800 1495 1784 1413
12800 1469 1714 1322
12800 1460 1718 1362
12800 1430 1750 1370
12800 1450 1710 1338
12800 1457 1742 1357
12800 1484 1732 1343
12800 1465 1760 1373
12800 1436 1708 1342
12800 1439 1726 1354
12800 1465 1776 1409
12800 1492 1690 1325
12800 1497 1676 1333
12800 1425 1742 1356
12800 1452 1730 1327
12800 1445 1730 1360
12800 1530 1704 1353
12800 1450 1760 1381
12800 1467 1694 1319
12800 1487 1724 1366
12800 1493 1718 1352
12800 1462 1780 1447
12800 1430 1766 1384
12800 1416 1730 1325
12800 1475 1708 1347
12800 1462 1646 1309
12800 1463 1714 1326
12800 1450 1744 1364
12800 1462 1748 1382
12800 1450 1758 1352
12800 1470 1750 1354
12800 1500 1706 1342
12800 1390 1706 1316
12800 1460 1708 1335
12800 1483 1708 1337
12800 1430 1776 1383
12800 1456 1722 1349
12800 1435 1762 1395
12800 1466 1740 1363
12800 1452 1758 1375
12800 1464 1684 1311
12800 1459 1690 1307
12800 1439 1704 1332
12800 1471 1734 1374
12800 1470 1750 1381
12800 1459 1748 1345
12800 1499 1744 1408
12800 1398 1730 1370
12800 1460 1786 1405
25600 2866 3466 2654
25600 2876 3514 2725
25600 2898 3514 2774
25600 2896 3468 2738
25600 2920 3450 2706
25600 2967 3464 2725
25600 2943 3514 2761
25600 2959 3506 2767
25600 2941 3442 2740
25600 2849 3454 2701
25600 2914 3416 2682
25600 2934 3476 2743
25600 2920 3384 2653
25600 2888 3578 2778
25600 2942 3456 2704
25600 2915 3526 2746
25600 2891 3476 2741
25600 2999 3362 2612
25600 2935 3514 2763
25600 2900 3426 2720
25600 2926 3448 2692
25600 2990 3438 2709
25600 2981 3468 2794
25600 2937 3454 2735
25600 2935 3412 2636
25600 2834 3518 2738
25600 2858 3472 2686
25600 2859 3478 2725
25600 2819 3506 2762
25600 2971 3364 2632
25600 2952 3454 2705
25600 2884 3494 2712
25600 2951 3390 2636
25600 2925 3464 2749
25600 2888 3406 2666
25600 2928 3566 2832
25600 2881 3502 2742
25600 2957 3416 2627
25600 2914 3494 2720
25600 3009 3410 2658
25600 2917 3450 2691
25600 2911 3424 2682
25600 2934 3534 2777
25600 2947 3428 2692
25600 2907 3458 2718
25600 2908 3448 2686
25600 2907 3502 2757
25600 2920 3480 2740
25600 2921 3446 2708
25600 2899 3508 2793
51200 5750 6930 5374
51200 5781 7080 5536
51200 5885 6840 5344
51200 5877 6938 5460
51200 5815 7016 5513
51200 5907 6926 5406
51200 5764 6914 5316
51200 5750 7010 5536
51200 5818 6930 5414
51200 5893 6860 5416
51200 5815 6974 5451
51200 5880 6842 5329
51200 5823 6892 5397
51200 5793 6996 5480
51200 5904 7044 5539
51200 5811 6940 5382
51200 5987 6768 5410
51200 5922 6972 5484
51200 5849 7068 5536
51200 5889 6866 5420
51200 5810 6980 5496
51200 5892 6926 5449
51200 5871 6942 5428
51200 5883 6934 5391
51200 5713 7100 5618
51200 5801 6992 5472
51200 5921 6824 5354
51200 5844 6882 5382
51200 5732 6962 5438
51200 5812 6924 5423
51200 5863 6942 5473
51200 5765 6860 5352
51200 5827 6886 5426
51200 5835 6900 5388
51200 5777 6886 5342
51200 5871 6892 5397
51200 5805 6908 5445
51200 5848 6836 5343
51200 5698 6938 5405
51200 5799 7028 5486
51200 5895 6898 5335
51200 5913 6914 5360
51200 5844 6864 5342
51200 5815 6874 5328
51200 5823 6954 5407
51200 5844 6952 5460
51200 5921 6820 5357
51200 5761 6956 5427
51200 5890 6966 5482
51200 5793 7016 5466
102400 11612 13738 10819
102400 11815 13806 10803
102400 11735 13782 10840
102400 11596 13804 10813
102400 11682 14042 10944
102400 11597 13864 10864
102400 11716 13802 10805
102400 11648 13916 10940
102400 11543 13986 11016
102400 11622 13792 10851
102400 11628 13792 10796
102400 11753 14020 10999
102400 11746 13796 10798
102400 11739 13860 10782
102400 11665 13796 10744
102400 11702 13884 10855
102400 11589 13938 10856
102400 11620 13890 10804
102400 11684 13882 10816
102400 11558 13998 10945
102400 11501 13976 10912
102400 11508 13896 10812
102400 11744 13802 10765
102400 11669 13874 10961
102400 11739 13834 10841
102400 11601 13940 10944
102400 11691 13736 10791
102400 11572 13978 10946
102400 11681 13818 10783
102400 11751 13798 10757
102400 11583 13902 10809
102400 11784 13662 10772
102400 11538 13936 10898
102400 11649 13792 10817
102400 11454 13874 10805
102400 11706 13890 10877
102400 11567 13886 10874
102400 11541 13868 10896
102400 11516 13826 10818
102400 11710 13788 10796
102400 11687 13948 10916
102400 11596 13828 10767
102400 11626 13894 10854
102400 11828 13698 10674
102400 11696 13798 10799
